-1.270002126693725586e-02
-1.226574182510375977e-02
-1.176851987838745117e-02
-1.120579242706298828e-02
-1.058596372604370117e-02
-9.912967681884765625e-03
-9.198307991027832031e-03
-8.444905281066894531e-03
-7.660984992980957031e-03
-6.854474544525146484e-03
-6.034672260284423828e-03
-5.200803279876708984e-03
-4.359900951385498047e-03
-3.526031970977783203e-03
-2.699673175811767578e-03
-1.884818077087402344e-03
-1.094698905944824219e-03
-3.246665000915527344e-04
4.109740257263183594e-04
1.116991043090820312e-03
1.773476600646972656e-03
2.395689487457275391e-03
2.972900867462158203e-03
3.492891788482666016e-03
3.962397575378417969e-03
4.373729228973388672e-03
4.731833934783935547e-03
5.024075508117675781e-03
5.259215831756591797e-03
5.434989929199218750e-03
5.548477172851562500e-03
5.600690841674804688e-03
5.589485168457031250e-03
5.527436733245849609e-03
5.402624607086181641e-03
5.220949649810791016e-03
4.990279674530029297e-03
4.702329635620117188e-03
4.368126392364501953e-03
3.995656967163085938e-03
3.575623035430908203e-03
3.127932548522949219e-03
2.643883228302001953e-03
2.131640911102294922e-03
1.598656177520751953e-03
1.043856143951416016e-03
4.799962043762207031e-04
-9.918212890625000000e-05
-6.762742996215820312e-04
-1.252412796020507812e-03
-1.829266548156738281e-03
-2.393841743469238281e-03
-2.947568893432617188e-03
-3.479063510894775391e-03
-3.997623920440673828e-03
-4.487812519073486328e-03
-4.950165748596191406e-03
-5.392014980316162109e-03
-5.796968936920166016e-03
-6.182730197906494141e-03
-6.534874439239501953e-03
-1.118493080139160156e-02
-1.076501607894897461e-02
-1.027137041091918945e-02
-9.714841842651367188e-03
-9.099423885345458984e-03
-8.431136608123779297e-03
-7.725834846496582031e-03
-6.982862949371337891e-03
-6.207048892974853516e-03
-5.417644977569580078e-03
-4.608094692230224609e-03
-3.791093826293945312e-03
-2.978324890136718750e-03
-2.162516117095947266e-03
-1.361668109893798828e-03
-5.818009376525878906e-04
1.783967018127441406e-04
9.114146232604980469e-04
1.603841781616210938e-03
2.264797687530517578e-03
2.876400947570800781e-03
3.446400165557861328e-03
3.966212272644042969e-03
4.430592060089111328e-03
4.839718341827392578e-03
5.187928676605224609e-03
5.476891994476318359e-03
5.697011947631835938e-03
5.859851837158203125e-03
5.964696407318115234e-03
6.001949310302734375e-03
5.978286266326904297e-03
5.890548229217529297e-03
5.748569965362548828e-03
5.539178848266601562e-03
5.283474922180175781e-03
4.972338676452636719e-03
4.609584808349609375e-03
4.199743270874023438e-03
3.754138946533203125e-03
3.271102905273437500e-03
2.750098705291748047e-03
2.200722694396972656e-03
1.631498336791992188e-03
1.040399074554443359e-03
4.345178604125976562e-04
-1.742243766784667969e-04
-7.907748222351074219e-04
-1.409053802490234375e-03
-2.015948295593261719e-03
-2.612233161926269531e-03
-3.196656703948974609e-03
-3.755211830139160156e-03
-4.289507865905761719e-03
-4.804253578186035156e-03
-5.285501480102539062e-03
-5.727529525756835938e-03
-6.150841712951660156e-03
-6.525516510009765625e-03
-6.870925426483154297e-03
-7.177233695983886719e-03
-9.744644165039062500e-03
-9.317994117736816406e-03
-8.819878101348876953e-03
-8.262872695922851562e-03
-7.650673389434814453e-03
-6.982445716857910156e-03
-6.273210048675537109e-03
-5.532085895538330078e-03
-4.766643047332763672e-03
-3.978252410888671875e-03
-3.180325031280517578e-03
-2.375960350036621094e-03
-1.574456691741943359e-03
-7.816553115844726562e-04
-3.755092620849609375e-06
7.546544075012207031e-04
1.485943794250488281e-03
2.182006835937500000e-03
2.842545509338378906e-03
3.458797931671142578e-03
4.031360149383544922e-03
4.548847675323486328e-03
5.014359951019287109e-03
5.422055721282958984e-03
5.768239498138427734e-03
6.054222583770751953e-03
6.273686885833740234e-03
6.430387496948242188e-03
6.521224975585937500e-03
6.547451019287109375e-03
6.506800651550292969e-03
6.403923034667968750e-03
6.239175796508789062e-03
6.010949611663818359e-03
5.725502967834472656e-03
5.387842655181884766e-03
4.992783069610595703e-03
4.555284976959228516e-03
4.065752029418945312e-03
3.542184829711914062e-03
2.980947494506835938e-03
2.395391464233398438e-03
1.776635646820068359e-03
1.143038272857666016e-03
4.896521568298339844e-04
-1.686811447143554688e-04
-8.317232131958007812e-04
-1.491904258728027344e-03
-2.147972583770751953e-03
-2.791225910186767578e-03
-3.414332866668701172e-03
-4.017293453216552734e-03
-4.589021205902099609e-03
-5.134642124176025391e-03
-5.643308162689208984e-03
-6.117999553680419922e-03
-6.552219390869140625e-03
-6.945073604583740234e-03
-7.296502590179443359e-03
-7.602095603942871094e-03
-7.871091365814208984e-03
-8.372068405151367188e-03
-7.937252521514892578e-03
-7.433593273162841797e-03
-6.861209869384765625e-03
-6.231665611267089844e-03
-5.558729171752929688e-03
-4.844844341278076172e-03
-4.094600677490234375e-03
-3.325939178466796875e-03
-2.536833286285400391e-03
-1.747131347656250000e-03
-9.444355964660644531e-04
-1.484751701354980469e-04
6.268024444580078125e-04
1.390218734741210938e-03
2.126991748809814453e-03
2.832531929016113281e-03
3.501772880554199219e-03
4.124939441680908203e-03
4.707992076873779297e-03
5.233943462371826172e-03
5.703687667846679688e-03
6.118595600128173828e-03
6.470203399658203125e-03
6.759166717529296875e-03
6.982922554016113281e-03
7.134974002838134766e-03
7.221817970275878906e-03
7.235229015350341797e-03
7.187128067016601562e-03
7.066965103149414062e-03
6.885468959808349609e-03
6.635606288909912109e-03
6.323456764221191406e-03
5.958259105682373047e-03
5.535781383514404297e-03
5.054295063018798828e-03
4.531800746917724609e-03
3.964781761169433594e-03
3.359258174896240234e-03
2.719819545745849609e-03
2.053856849670410156e-03
1.363694667816162109e-03
6.607770919799804688e-04
-5.131959915161132812e-05
-7.743835449218750000e-04
-1.490414142608642578e-03
-2.200067043304443359e-03
-2.901256084442138672e-03
-3.572106361389160156e-03
-4.234075546264648438e-03
-4.858195781707763672e-03
-5.452752113342285156e-03
-6.004452705383300781e-03
-6.520509719848632812e-03
-6.992042064666748047e-03
-7.409572601318359375e-03
-7.789552211761474609e-03
-8.112549781799316406e-03
-8.393645286560058594e-03
-8.617043495178222656e-03
-7.079005241394042969e-03
-6.625950336456298828e-03
-6.096065044403076172e-03
-5.505442619323730469e-03
-4.861295223236083984e-03
-4.169523715972900391e-03
-3.436326980590820312e-03
-2.675652503967285156e-03
-1.897990703582763672e-03
-1.098871231079101562e-03
-2.974867820739746094e-04
5.040764808654785156e-04
1.294016838073730469e-03
2.066433429718017578e-03
2.818763256072998047e-03
3.537535667419433594e-03
4.224300384521484375e-03
4.867136478424072266e-03
5.462527275085449219e-03
6.007134914398193359e-03
6.492197513580322266e-03
6.925582885742187500e-03
7.285356521606445312e-03
7.580578327178955078e-03
7.814943790435791016e-03
7.972061634063720703e-03
8.060038089752197266e-03
8.072257041931152344e-03
8.017122745513916016e-03
7.888495922088623047e-03
7.691562175750732422e-03
7.422208786010742188e-03
7.086873054504394531e-03
6.693959236145019531e-03
6.234943866729736328e-03
5.725026130676269531e-03
5.158364772796630859e-03
4.546880722045898438e-03
3.891170024871826172e-03
3.201901912689208984e-03
2.481997013092041016e-03
1.736342906951904297e-03
9.675621986389160156e-04
1.925826072692871094e-04
-5.946159362792968750e-04
-1.379668712615966797e-03
-2.156436443328857422e-03
-2.926707267761230469e-03
-3.668248653411865234e-03
-4.386126995086669922e-03
-5.076646804809570312e-03
-5.733489990234375000e-03
-6.348192691802978516e-03
-6.920874118804931641e-03
-7.440447807312011719e-03
-7.912456989288330078e-03
-8.326172828674316406e-03
-8.686959743499755859e-03
-8.993685245513916016e-03
-9.239852428436279297e-03
-9.434521198272705078e-03
-5.859136581420898438e-03
-5.373060703277587891e-03
-4.819095134735107422e-03
-4.198729991912841797e-03
-3.528535366058349609e-03
-2.808332443237304688e-03
-2.051532268524169922e-03
-1.266241073608398438e-03
-4.661679267883300781e-04
3.463625907897949219e-04
1.161396503448486328e-03
1.968920230865478516e-03
2.763450145721435547e-03
3.535568714141845703e-03
4.283726215362548828e-03
4.989683628082275391e-03
5.660593509674072266e-03
6.284356117248535156e-03
6.855607032775878906e-03
7.365465164184570312e-03
7.820129394531250000e-03
8.201837539672851562e-03
8.520364761352539062e-03
8.766412734985351562e-03
8.938610553741455078e-03
9.035706520080566406e-03
9.052455425262451172e-03
8.994877338409423828e-03
8.860886096954345703e-03
8.652627468109130859e-03
8.375108242034912109e-03
8.020520210266113281e-03
7.599353790283203125e-03
7.113575935363769531e-03
6.564676761627197266e-03
5.959153175354003906e-03
5.303978919982910156e-03
4.601001739501953125e-03
3.854095935821533203e-03
3.073513507843017578e-03
2.264022827148437500e-03
1.430451869964599609e-03
5.856752395629882812e-04
-2.706646919250488281e-04
-1.136541366577148438e-03
-1.986503601074218750e-03
-2.830147743225097656e-03
-3.655672073364257812e-03
-4.452586174011230469e-03
-5.227208137512207031e-03
-5.955874919891357422e-03
-6.645917892456054688e-03
-7.287085056304931641e-03
-7.874846458435058594e-03
-8.407354354858398438e-03
-8.884608745574951172e-03
-9.298145771026611328e-03
-9.643793106079101562e-03
-9.928822517395019531e-03
-1.015228033065795898e-02
-1.030963659286499023e-02
-4.729628562927246094e-03
-4.201233386993408203e-03
-3.604352474212646484e-03
-2.945363521575927734e-03
-2.228856086730957031e-03
-1.478135585784912109e-03
-6.888508796691894531e-04
1.268982887268066406e-04
9.554624557495117188e-04
1.792907714843750000e-03
2.630650997161865234e-03
3.452956676483154297e-03
4.259645938873291016e-03
5.036652088165283203e-03
5.787909030914306641e-03
6.492733955383300781e-03
7.154941558837890625e-03
7.759392261505126953e-03
8.311331272125244141e-03
8.792579174041748047e-03
9.209692478179931641e-03
9.556889533996582031e-03
9.824752807617187500e-03
1.001954078674316406e-02
1.013243198394775391e-02
1.016342639923095703e-02
1.011705398559570312e-02
9.985804557800292969e-03
9.779334068298339844e-03
9.489774703979492188e-03
9.122490882873535156e-03
8.685171604156494141e-03
8.169889450073242188e-03
7.592856884002685547e-03
6.946563720703125000e-03
6.241679191589355469e-03
5.489885807037353516e-03
4.686057567596435547e-03
3.849327564239501953e-03
2.970695495605468750e-03
2.068936824798583984e-03
1.146078109741210938e-03
2.066493034362792969e-04
-7.358193397521972656e-04
-1.674175262451171875e-03
-2.601206302642822266e-03
-3.519415855407714844e-03
-4.411160945892333984e-03
-5.268335342407226562e-03
-6.092548370361328125e-03
-6.871998310089111328e-03
-7.600128650665283203e-03
-8.267879486083984375e-03
-8.885324001312255859e-03
-9.433090686798095703e-03
-9.916603565216064453e-03
-1.032692193984985352e-02
-1.066976785659790039e-02
-1.093930006027221680e-02
-1.113760471343994141e-02
-1.126313209533691406e-02
-3.679752349853515625e-03
-3.098666667938232422e-03
-2.452552318572998047e-03
-1.747786998748779297e-03
-9.803771972656250000e-04
-1.767277717590332031e-04
6.566643714904785156e-04
1.512169837951660156e-03
2.377629280090332031e-03
3.247380256652832031e-03
4.114627838134765625e-03
4.963099956512451172e-03
5.788385868072509766e-03
6.584167480468750000e-03
7.336020469665527344e-03
8.046090602874755859e-03
8.701682090759277344e-03
9.295165538787841797e-03
9.825944900512695312e-03
1.028555631637573242e-02
1.067388057708740234e-02
1.098304986953735352e-02
1.120865345001220703e-02
1.135241985321044922e-02
1.140832901000976562e-02
1.137822866439819336e-02
1.126283407211303711e-02
1.105636358261108398e-02
1.076823472976684570e-02
1.039522886276245117e-02
9.940147399902343750e-03
9.409487247467041016e-03
8.803486824035644531e-03
8.125185966491699219e-03
7.383167743682861328e-03
6.578147411346435547e-03
5.723595619201660156e-03
4.819631576538085938e-03
3.875732421875000000e-03
2.893984317779541016e-03
1.893520355224609375e-03
8.767247200012207031e-04
-1.572370529174804688e-04
-1.193404197692871094e-03
-2.220511436462402344e-03
-3.230452537536621094e-03
-4.223942756652832031e-03
-5.189716815948486328e-03
-6.110906600952148438e-03
-6.992936134338378906e-03
-7.823646068572998047e-03
-8.594930171966552734e-03
-9.309411048889160156e-03
-9.949803352355957031e-03
-1.052033901214599609e-02
-1.101535558700561523e-02
-1.143360137939453125e-02
-1.176756620407104492e-02
-1.202917098999023438e-02
-1.220363378524780273e-02
-1.230198144912719727e-02
-2.724051475524902344e-03
-2.081453800201416016e-03
-1.365184783935546875e-03
-5.909204483032226562e-04
2.326965332031250000e-04
1.089990139007568359e-03
1.984417438507080078e-03
2.890169620513916016e-03
3.806650638580322266e-03
4.718184471130371094e-03
5.619704723358154297e-03
6.504774093627929688e-03
7.360458374023437500e-03
8.171439170837402344e-03
8.941471576690673828e-03
9.657621383666992188e-03
1.031285524368286133e-02
1.090055704116821289e-02
1.142054796218872070e-02
1.186096668243408203e-02
1.221913099288940430e-02
1.249307394027709961e-02
1.267284154891967773e-02
1.276898384094238281e-02
1.276904344558715820e-02
1.267647743225097656e-02
1.248949766159057617e-02
1.221185922622680664e-02
1.184028387069702148e-02
1.138371229171752930e-02
1.083749532699584961e-02
1.020801067352294922e-02
9.500861167907714844e-03
8.719861507415771484e-03
7.869899272918701172e-03
6.963491439819335938e-03
5.999028682708740234e-03
4.987895488739013672e-03
3.933072090148925781e-03
2.850532531738281250e-03
1.740038394927978516e-03
6.152987480163574219e-04
-5.170702934265136719e-04
-1.651465892791748047e-03
-2.776145935058593750e-03
-3.873407840728759766e-03
-4.954278469085693359e-03
-5.993366241455078125e-03
-6.988167762756347656e-03
-7.937490940093994141e-03
-8.819043636322021484e-03
-9.646654129028320312e-03
-1.040655374526977539e-02
-1.107895374298095703e-02
-1.167625188827514648e-02
-1.218932867050170898e-02
-1.261287927627563477e-02
-1.295208930969238281e-02
-1.319891214370727539e-02
-1.336312294006347656e-02
-1.343375444412231445e-02
-1.852571964263916016e-03
-1.132845878601074219e-03
-3.465414047241210938e-04
5.056262016296386719e-04
1.395702362060546875e-03
2.330303192138671875e-03
3.289282321929931641e-03
4.261851310729980469e-03
5.234062671661376953e-03
6.200671195983886719e-03
7.151901721954345703e-03
8.072793483734130859e-03
8.963048458099365234e-03
9.808599948883056641e-03
1.060128211975097656e-02
1.133400201797485352e-02
1.199364662170410156e-02
1.258343458175659180e-02
1.309347152709960938e-02
1.351392269134521484e-02
1.385194063186645508e-02
1.408892869949340820e-02
1.423358917236328125e-02
1.427549123764038086e-02
1.422023773193359375e-02
1.406848430633544922e-02
1.380574703216552734e-02
1.345312595367431641e-02
1.299774646759033203e-02
1.245063543319702148e-02
1.180970668792724609e-02
1.108133792877197266e-02
1.027238368988037109e-02
9.386420249938964844e-03
8.425056934356689453e-03
7.403671741485595703e-03
6.326794624328613281e-03
5.196034908294677734e-03
4.028022289276123047e-03
2.829074859619140625e-03
1.604557037353515625e-03
3.705620765686035156e-04
-8.751749992370605469e-04
-2.111136913299560547e-03
-3.337144851684570312e-03
-4.536032676696777344e-03
-5.703270435333251953e-03
-6.831705570220947266e-03
-7.909119129180908203e-03
-8.926331996917724609e-03
-9.883344173431396484e-03
-1.076477766036987305e-02
-1.156413555145263672e-02
-1.228183507919311523e-02
-1.290810108184814453e-02
-1.344537734985351562e-02
-1.388484239578247070e-02
-1.422595977783203125e-02
-1.447314023971557617e-02
-1.461237668991088867e-02
-1.466709375381469727e-02
-1.080751419067382812e-03
-2.687573432922363281e-04
6.098151206970214844e-04
1.547038555145263672e-03
2.531170845031738281e-03
3.548324108123779297e-03
4.581630229949951172e-03
5.628585815429687500e-03
6.670951843261718750e-03
7.705688476562500000e-03
8.712530136108398438e-03
9.689986705780029297e-03
1.062178611755371094e-02
1.150268316268920898e-02
1.232415437698364258e-02
1.307833194732666016e-02
1.375520229339599609e-02
1.434755325317382812e-02
1.485365629196166992e-02
1.526075601577758789e-02
1.557117700576782227e-02
1.578277349472045898e-02
1.588737964630126953e-02
1.588344573974609375e-02
1.577246189117431641e-02
1.555323600769042969e-02
1.522183418273925781e-02
1.478874683380126953e-02
1.424986124038696289e-02
1.360422372817993164e-02
1.287055015563964844e-02
1.203715801239013672e-02
1.112020015716552734e-02
1.011568307876586914e-02
9.045422077178955078e-03
7.900297641754150391e-03
6.699860095977783203e-03
5.448520183563232422e-03
4.157364368438720703e-03
2.833485603332519531e-03
1.487791538238525391e-03
1.333951950073242188e-04
-1.230478286743164062e-03
-2.579987049102783203e-03
-3.914594650268554688e-03
-5.218982696533203125e-03
-6.488442420959472656e-03
-7.706642150878906250e-03
-8.874893188476562500e-03
-9.971082210540771484e-03
-1.099586486816406250e-02
-1.194238662719726562e-02
-1.280212402343750000e-02
-1.356875896453857422e-02
-1.423144340515136719e-02
-1.479351520538330078e-02
-1.525431871414184570e-02
-1.560240983963012695e-02
-1.584601402282714844e-02
-1.597952842712402344e-02
-1.601147651672363281e-02
-4.045963287353515625e-04
5.124211311340332031e-04
1.501083374023437500e-03
2.543449401855468750e-03
3.625094890594482422e-03
4.736304283142089844e-03
5.864977836608886719e-03
6.995260715484619141e-03
8.122384548187255859e-03
9.229898452758789062e-03
1.031154394149780273e-02
1.134705543518066406e-02
1.233470439910888672e-02
1.326042413711547852e-02
1.412153244018554688e-02
1.490122079849243164e-02
1.559692621231079102e-02
1.619786024093627930e-02
1.670604944229125977e-02
1.710546016693115234e-02
1.740103960037231445e-02
1.758116483688354492e-02
1.765096187591552734e-02
1.759868860244750977e-02
1.742959022521972656e-02
1.714551448822021484e-02
1.674574613571166992e-02
1.622343063354492188e-02
1.559591293334960938e-02
1.485830545425415039e-02
1.401436328887939453e-02
1.307213306427001953e-02
1.203662157058715820e-02
1.091939210891723633e-02
9.723186492919921875e-03
8.453547954559326172e-03
7.125318050384521484e-03
5.742430686950683594e-03
4.320502281188964844e-03
2.866446971893310547e-03
1.389503479003906250e-03
-9.989738464355468750e-05
-1.582741737365722656e-03
-3.055512905120849609e-03
-4.510641098022460938e-03
-5.929231643676757812e-03
-7.307052612304687500e-03
-8.624672889709472656e-03
-9.890615940093994141e-03
-1.107734441757202148e-02
-1.218467950820922852e-02
-1.319754123687744141e-02
-1.411700248718261719e-02
-1.493644714355468750e-02
-1.564222574234008789e-02
-1.624566316604614258e-02
-1.672726869583129883e-02
-1.708751916885375977e-02
-1.733511686325073242e-02
-1.746284961700439453e-02
-1.747488975524902344e-02
1.765489578247070312e-04
1.217186450958251953e-03
2.322614192962646484e-03
3.479778766632080078e-03
4.678070545196533203e-03
5.901575088500976562e-03
7.138967514038085938e-03
8.371233940124511719e-03
9.592831134796142578e-03
1.078969240188598633e-02
1.194703578948974609e-02
1.305997371673583984e-02
1.410818099975585938e-02
1.509231328964233398e-02
1.599603891372680664e-02
1.681214570999145508e-02
1.753437519073486328e-02
1.815485954284667969e-02
1.866358518600463867e-02
1.906222105026245117e-02
1.933997869491577148e-02
1.949328184127807617e-02
1.952528953552246094e-02
1.942777633666992188e-02
1.920580863952636719e-02
1.885181665420532227e-02
1.837462186813354492e-02
1.777088642120361328e-02
1.704943180084228516e-02
1.621007919311523438e-02
1.526045799255371094e-02
1.420265436172485352e-02
1.304918527603149414e-02
1.180171966552734375e-02
1.047480106353759766e-02
9.070098400115966797e-03
7.604718208312988281e-03
6.087243556976318359e-03
4.519402980804443359e-03
2.926528453826904297e-03
1.306831836700439453e-03
-3.144145011901855469e-04
-1.938521862030029297e-03
-3.544628620147705078e-03
-5.130410194396972656e-03
-6.672739982604980469e-03
-8.165836334228515625e-03
-9.600818157196044922e-03
-1.096522808074951172e-02
-1.225310564041137695e-02
-1.344102621078491211e-02
-1.453661918640136719e-02
-1.553022861480712891e-02
-1.640623807907104492e-02
-1.716715097427368164e-02
-1.780498027801513672e-02
-1.831126213073730469e-02
-1.869827508926391602e-02
-1.894986629486083984e-02
-1.907306909561157227e-02
-1.906764507293701172e-02
6.556510925292968750e-04
1.836121082305908203e-03
3.082334995269775391e-03
4.374980926513671875e-03
5.702674388885498047e-03
7.053136825561523438e-03
8.407950401306152344e-03
9.759783744812011719e-03
1.108509302139282227e-02
1.238465309143066406e-02
1.363843679428100586e-02
1.482945680618286133e-02
1.595616340637207031e-02
1.700103282928466797e-02
1.796007156372070312e-02
1.882338523864746094e-02
1.957786083221435547e-02
2.022105455398559570e-02
2.074152231216430664e-02
2.113902568817138672e-02
2.140206098556518555e-02
2.153313159942626953e-02
2.152884006500244141e-02
2.138364315032958984e-02
2.110064029693603516e-02
2.067983150482177734e-02
2.012807130813598633e-02
1.943677663803100586e-02
1.861971616744995117e-02
1.766866445541381836e-02
1.660901308059692383e-02
1.542854309082031250e-02
1.414334774017333984e-02
1.276630163192749023e-02
1.129782199859619141e-02
9.749770164489746094e-03
8.139193058013916016e-03
6.471037864685058594e-03
4.755437374114990234e-03
3.007471561431884766e-03
1.244127750396728516e-03
-5.332231521606445312e-04
-2.302229404449462891e-03
-4.050135612487792969e-03
-5.771100521087646484e-03
-7.450282573699951172e-03
-9.069561958312988281e-03
-1.063257455825805664e-02
-1.211100816726684570e-02
-1.349931955337524414e-02
-1.478695869445800781e-02
-1.597398519515991211e-02
-1.704180240631103516e-02
-1.798862218856811523e-02
-1.880359649658203125e-02
-1.948517560958862305e-02
-2.003186941146850586e-02
-2.043724060058593750e-02
-2.070027589797973633e-02
-2.082371711730957031e-02
-2.080833911895751953e-02
1.037597656250000000e-03
2.376139163970947266e-03
3.774344921112060547e-03
5.217313766479492188e-03
6.697595119476318359e-03
8.189797401428222656e-03
9.681522846221923828e-03
1.116222143173217773e-02
1.261526346206665039e-02
1.402032375335693359e-02
1.538056135177612305e-02
1.666784286499023438e-02
1.788103580474853516e-02
1.900470256805419922e-02
2.002328634262084961e-02
2.094209194183349609e-02
2.173662185668945312e-02
2.240794897079467773e-02
2.294397354125976562e-02
2.334207296371459961e-02
2.359879016876220703e-02
2.370721101760864258e-02
2.367192506790161133e-02
2.348017692565917969e-02
2.313935756683349609e-02
2.264684438705444336e-02
2.201133966445922852e-02
2.122932672500610352e-02
2.030581235885620117e-02
1.925051212310791016e-02
1.806235313415527344e-02
1.676088571548461914e-02
1.533830165863037109e-02
1.381236314773559570e-02
1.219850778579711914e-02
1.049834489822387695e-02
8.728802204132080078e-03
6.900310516357421875e-03
5.024671554565429688e-03
3.119647502899169922e-03
1.190900802612304688e-03
-7.461309432983398438e-04
-2.669692039489746094e-03
-4.576027393341064453e-03
-6.448328495025634766e-03
-8.273065090179443359e-03
-1.003551483154296875e-02
-1.172256469726562500e-02
-1.332414150238037109e-02
-1.483064889907836914e-02
-1.622986793518066406e-02
-1.751089096069335938e-02
-1.866430044174194336e-02
-1.968944072723388672e-02
-2.056837081909179688e-02
-2.130490541458129883e-02
-2.188670635223388672e-02
-2.232080698013305664e-02
-2.259862422943115234e-02
-2.272599935531616211e-02
-2.270311117172241211e-02
1.317977905273437500e-03
2.829372882843017578e-03
4.409492015838623047e-03
6.021678447723388672e-03
7.661223411560058594e-03
9.314298629760742188e-03
1.096147298812866211e-02
1.258432865142822266e-02
1.417577266693115234e-02
1.571559906005859375e-02
1.719117164611816406e-02
1.858621835708618164e-02
1.989960670471191406e-02
2.110123634338378906e-02
2.220451831817626953e-02
2.317678928375244141e-02
2.401733398437500000e-02
2.472460269927978516e-02
2.528369426727294922e-02
2.568906545639038086e-02
2.593898773193359375e-02
2.603149414062500000e-02
2.595794200897216797e-02
2.572065591812133789e-02
2.531951665878295898e-02
2.475935220718383789e-02
2.403336763381958008e-02
2.315890789031982422e-02
2.212542295455932617e-02
2.095264196395874023e-02
1.964068412780761719e-02
1.819628477096557617e-02
1.662802696228027344e-02
1.495927572250366211e-02
1.318508386611938477e-02
1.132112741470336914e-02
9.381711483001708984e-03
7.380127906799316406e-03
5.333840847015380859e-03
3.253102302551269531e-03
1.151084899902343750e-03
-9.595155715942382812e-04
-3.053009510040283203e-03
-5.124926567077636719e-03
-7.158637046813964844e-03
-9.139418601989746094e-03
-1.105403900146484375e-02
-1.288366317749023438e-02
-1.462543010711669922e-02
-1.625633239746093750e-02
-1.777237653732299805e-02
-1.916062831878662109e-02
-2.041268348693847656e-02
-2.151829004287719727e-02
-2.247101068496704102e-02
-2.326506376266479492e-02
-2.389460802078247070e-02
-2.436542510986328125e-02
-2.466368675231933594e-02
-2.479946613311767578e-02
-2.476328611373901367e-02
1.496076583862304688e-03
3.209054470062255859e-03
4.978835582733154297e-03
6.783008575439453125e-03
8.610367774963378906e-03
1.044172048568725586e-02
1.225525140762329102e-02
1.404237747192382812e-02
1.578605175018310547e-02
1.746881008148193359e-02
1.907974481582641602e-02
2.059566974639892578e-02
2.201700210571289062e-02
2.332144975662231445e-02
2.450180053710937500e-02
2.554792165756225586e-02
2.644056081771850586e-02
2.718979120254516602e-02
2.777493000030517578e-02
2.819263935089111328e-02
2.844125032424926758e-02
2.851247787475585938e-02
2.840673923492431641e-02
2.812272310256958008e-02
2.766185998916625977e-02
2.702242136001586914e-02
2.621436119079589844e-02
2.523565292358398438e-02
2.409082651138305664e-02
2.278751134872436523e-02
2.134168148040771484e-02
1.975107192993164062e-02
1.803326606750488281e-02
1.619595289230346680e-02
1.425129175186157227e-02
1.221603155136108398e-02
1.009589433670043945e-02
7.912397384643554688e-03
5.680978298187255859e-03
3.418207168579101562e-03
1.124560832977294922e-03
-1.170694828033447266e-03
-3.449261188507080078e-03
-5.706667900085449219e-03
-7.913887500762939453e-03
-1.006484031677246094e-02
-1.214510202407836914e-02
-1.413136720657348633e-02
-1.601624488830566406e-02
-1.778519153594970703e-02
-1.943331956863403320e-02
-2.093505859375000000e-02
-2.228850126266479492e-02
-2.349114418029785156e-02
-2.452474832534790039e-02
-2.538716793060302734e-02
-2.606981992721557617e-02
-2.657496929168701172e-02
-2.690488100051879883e-02
-2.704650163650512695e-02
-2.701425552368164062e-02
1.579463481903076172e-03
3.516733646392822266e-03
5.495369434356689453e-03
7.511913776397705078e-03
9.540677070617675781e-03
1.156741380691528320e-02
1.357543468475341797e-02
1.554232835769653320e-02
1.745718717575073242e-02
1.929438114166259766e-02
2.105319499969482422e-02
2.270853519439697266e-02
2.424937486648559570e-02
2.566224336624145508e-02
2.693742513656616211e-02
2.806156873703002930e-02
2.902036905288696289e-02
2.982127666473388672e-02
3.043198585510253906e-02
3.087013959884643555e-02
3.111857175827026367e-02
3.116834163665771484e-02
3.103232383728027344e-02
3.070276975631713867e-02
3.017652034759521484e-02
2.945721149444580078e-02
2.856063842773437500e-02
2.746963500976562500e-02
2.620536088943481445e-02
2.477186918258666992e-02
2.317947149276733398e-02
2.143454551696777344e-02
1.955217123031616211e-02
1.754206418991088867e-02
1.541525125503540039e-02
1.319271326065063477e-02
1.088052988052368164e-02
8.499085903167724609e-03
6.068289279937744141e-03
3.600060939788818359e-03
1.104950904846191406e-03
-1.383841037750244141e-03
-3.866136074066162109e-03
-6.309807300567626953e-03
-8.715331554412841797e-03
-1.104974746704101562e-02
-1.330155134201049805e-02
-1.546317338943481445e-02
-1.750874519348144531e-02
-1.943308115005493164e-02
-2.121472358703613281e-02
-2.284729480743408203e-02
-2.431601285934448242e-02
-2.561891078948974609e-02
-2.674078941345214844e-02
-2.767831087112426758e-02
-2.842605113983154297e-02
-2.897906303405761719e-02
-2.933084964752197266e-02
-2.948725223541259766e-02
-2.945345640182495117e-02
1.570463180541992188e-03
3.742814064025878906e-03
5.960166454315185547e-03
8.208155632019042969e-03
1.046407222747802734e-02
1.270920038223266602e-02
1.492667198181152344e-02
1.709067821502685547e-02
1.919162273406982422e-02
2.120971679687500000e-02
2.313071489334106445e-02
2.493584156036376953e-02
2.661293745040893555e-02
2.814620733261108398e-02
2.953040599822998047e-02
3.073900938034057617e-02
3.177183866500854492e-02
3.261965513229370117e-02
3.327709436416625977e-02
3.373301029205322266e-02
3.397983312606811523e-02
3.402227163314819336e-02
3.385019302368164062e-02
3.347086906433105469e-02
3.287798166275024414e-02
3.207838535308837891e-02
3.107762336730957031e-02
2.988040447235107422e-02
2.848720550537109375e-02
2.691179513931274414e-02
2.516245841979980469e-02
2.325367927551269531e-02
2.119958400726318359e-02
1.899850368499755859e-02
1.667642593383789062e-02
1.425158977508544922e-02
1.173633337020874023e-02
9.146153926849365234e-03
6.496191024780273438e-03
3.812074661254882812e-03
1.101672649383544922e-03
-1.608848571777343750e-03
-4.297673702239990234e-03
-6.960451602935791016e-03
-9.565949440002441406e-03
-1.210421323776245117e-02
-1.454752683639526367e-02
-1.689291000366210938e-02
-1.911181211471557617e-02
-2.119952440261840820e-02
-2.313512563705444336e-02
-2.490675449371337891e-02
-2.650368213653564453e-02
-2.792072296142578125e-02
-2.914088964462280273e-02
-3.016024827957153320e-02
-3.097110986709594727e-02
-3.157716989517211914e-02
-3.196299076080322266e-02
-3.214424848556518555e-02
-3.211259841918945312e-02
1.458704471588134766e-03
3.897666931152343750e-03
6.376385688781738281e-03
8.878946304321289062e-03
1.138454675674438477e-02
1.387000083923339844e-02
1.631289720535278320e-02
1.869988441467285156e-02
2.100676298141479492e-02
2.322328090667724609e-02
2.532112598419189453e-02
2.729755640029907227e-02
2.912032604217529297e-02
3.078585863113403320e-02
3.228443861007690430e-02
3.359508514404296875e-02
3.470402956008911133e-02
3.561902046203613281e-02
3.631794452667236328e-02
3.679656982421875000e-02
3.705245256423950195e-02
3.708040714263916016e-02
3.687655925750732422e-02
3.644317388534545898e-02
3.578591346740722656e-02
3.490030765533447266e-02
3.379118442535400391e-02
3.247183561325073242e-02
3.094071149826049805e-02
2.921998500823974609e-02
2.730703353881835938e-02
2.521991729736328125e-02
2.297228574752807617e-02
2.057594060897827148e-02
1.804876327514648438e-02
1.540738344192504883e-02
1.266437768936157227e-02
9.847998619079589844e-03
6.968200206756591797e-03
4.046499729156494141e-03
1.106381416320800781e-03
-1.838803291320800781e-03
-4.766106605529785156e-03
-7.647752761840820312e-03
-1.047527790069580078e-02
-1.322966814041137695e-02
-1.588743925094604492e-02
-1.842850446701049805e-02
-2.083534002304077148e-02
-2.310460805892944336e-02
-2.520453929901123047e-02
-2.713096141815185547e-02
-2.886950969696044922e-02
-3.040832281112670898e-02
-3.173744678497314453e-02
-3.284913301467895508e-02
-3.373545408248901367e-02
-3.439229726791381836e-02
-3.482848405838012695e-02
-3.502601385116577148e-02
-3.499668836593627930e-02
1.257061958312988281e-03
3.992021083831787109e-03
6.755650043487548828e-03
9.541213512420654297e-03
1.231193542480468750e-02
1.505917310714721680e-02
1.776081323623657227e-02
2.038264274597167969e-02
2.292001247406005859e-02
2.534770965576171875e-02
2.764213085174560547e-02
2.979558706283569336e-02
3.178876638412475586e-02
3.360623121261596680e-02
3.522676229476928711e-02
3.664678335189819336e-02
3.785318136215209961e-02
3.883272409439086914e-02
3.958261013031005859e-02
4.008752107620239258e-02
4.035389423370361328e-02
4.036873579025268555e-02
4.013645648956298828e-02
3.964620828628540039e-02
3.891330957412719727e-02
3.793787956237792969e-02
3.672128915786743164e-02
3.526884317398071289e-02
3.359538316726684570e-02
3.170853853225708008e-02
2.961945533752441406e-02
2.734315395355224609e-02
2.489334344863891602e-02
2.228087186813354492e-02
1.952934265136718750e-02
1.665616035461425781e-02
1.367700099945068359e-02
1.060980558395385742e-02
7.482886314392089844e-03
4.310369491577148438e-03
1.114964485168457031e-03
-2.075731754302978516e-03
-5.250394344329833984e-03
-8.384168148040771484e-03
-1.145583391189575195e-02
-1.443874835968017578e-02
-1.732128858566284180e-02
-2.007895708084106445e-02
-2.269738912582397461e-02
-2.515405416488647461e-02
-2.743762731552124023e-02
-2.952980995178222656e-02
-3.142011165618896484e-02
-3.309392929077148438e-02
-3.453713655471801758e-02
-3.575664758682250977e-02
-3.672450780868530273e-02
-3.745269775390625000e-02
-3.792566061019897461e-02
-3.815358877182006836e-02
-3.813672065734863281e-02
9.715557098388671875e-04
4.018008708953857422e-03
7.097780704498291016e-03
1.018583774566650391e-02
1.325780153274536133e-02
1.629447937011718750e-02
1.926469802856445312e-02
2.215343713760375977e-02
2.493655681610107422e-02
2.759730815887451172e-02
3.011173009872436523e-02
3.246325254440307617e-02
3.463745117187500000e-02
3.661251068115234375e-02
3.837871551513671875e-02
3.991758823394775391e-02
4.122632741928100586e-02
4.228085279464721680e-02
4.308074712753295898e-02
4.362630844116210938e-02
4.389947652816772461e-02
4.390186071395874023e-02
4.363548755645751953e-02
4.309028387069702148e-02
4.227787256240844727e-02
4.120510816574096680e-02
3.987050056457519531e-02
3.828263282775878906e-02
3.645509481430053711e-02
3.439927101135253906e-02
3.211754560470581055e-02
2.963417768478393555e-02
2.696645259857177734e-02
2.412247657775878906e-02
2.113282680511474609e-02
1.800900697708129883e-02
1.477056741714477539e-02
1.143896579742431641e-02
8.044600486755371094e-03
4.603147506713867188e-03
1.136541366577148438e-03
-2.333104610443115234e-03
-5.777120590209960938e-03
-9.173274040222167969e-03
-1.249808073043823242e-02
-1.574236154556274414e-02
-1.886892318725585938e-02
-2.186185121536254883e-02
-2.470260858535766602e-02
-2.736800909042358398e-02
-2.984613180160522461e-02
-3.212136030197143555e-02
-3.417897224426269531e-02
-3.599786758422851562e-02
-3.757566213607788086e-02
-3.890222311019897461e-02
-3.996175527572631836e-02
-4.076522588729858398e-02
-4.129230976104736328e-02
-4.154652357101440430e-02
-4.153901338577270508e-02
5.912184715270996094e-04
3.994405269622802734e-03
7.416188716888427734e-03
1.083683967590332031e-02
1.423388719558715820e-02
1.757663488388061523e-02
2.084839344024658203e-02
2.402752637863159180e-02
2.707731723785400391e-02
2.999395132064819336e-02
3.274571895599365234e-02
3.531593084335327148e-02
3.768318891525268555e-02
3.983765840530395508e-02
4.176008701324462891e-02
4.343181848526000977e-02
4.484468698501586914e-02
4.598701000213623047e-02
4.685282707214355469e-02
4.743051528930664062e-02
4.771709442138671875e-02
4.770755767822265625e-02
4.740333557128906250e-02
4.680079221725463867e-02
4.591423273086547852e-02
4.473185539245605469e-02
4.327225685119628906e-02
4.153817892074584961e-02
3.954201936721801758e-02
3.729134798049926758e-02
3.481334447860717773e-02
3.210985660552978516e-02
2.920728921890258789e-02
2.611857652664184570e-02
2.286326885223388672e-02
1.946902275085449219e-02
1.595431566238403320e-02
1.234138011932373047e-02
8.654296398162841797e-03
4.919826984405517578e-03
1.160025596618652344e-03
-2.601206302642822266e-03
-6.339251995086669922e-03
-1.002341508865356445e-02
-1.363444328308105469e-02
-1.714336872100830078e-02
-2.053523063659667969e-02
-2.378416061401367188e-02
-2.686482667922973633e-02
-2.975898981094360352e-02
-3.245377540588378906e-02
-3.492265939712524414e-02
-3.715771436691284180e-02
-3.914254903793334961e-02
-4.086142778396606445e-02
-4.231125116348266602e-02
-4.347181320190429688e-02
-4.435157775878906250e-02
-4.493814706802368164e-02
-4.523557424545288086e-02
-4.523360729217529297e-02
1.487731933593750000e-04
3.919541835784912109e-03
7.710754871368408203e-03
1.149374246597290039e-02
1.524722576141357422e-02
1.893287897109985352e-02
2.253156900405883789e-02
2.601486444473266602e-02
2.936577796936035156e-02
3.255546092987060547e-02
3.556579351425170898e-02
3.837096691131591797e-02
4.095703363418579102e-02
4.330193996429443359e-02
4.538881778717041016e-02
4.720705747604370117e-02
4.874151945114135742e-02
4.997456073760986328e-02
5.090665817260742188e-02
5.152761936187744141e-02
5.182945728302001953e-02
5.180859565734863281e-02
5.146878957748413086e-02
5.080658197402954102e-02
4.982596635818481445e-02
4.853320121765136719e-02
4.693484306335449219e-02
4.504603147506713867e-02
4.286921024322509766e-02
4.042619466781616211e-02
3.772145509719848633e-02
3.478288650512695312e-02
3.162533044815063477e-02
2.827066183090209961e-02
2.473527193069458008e-02
2.105224132537841797e-02
1.723903417587280273e-02
1.331943273544311523e-02
9.318172931671142578e-03
5.267620086669921875e-03
1.187324523925781250e-03
-2.889811992645263672e-03
-6.942570209503173828e-03
-1.093310117721557617e-02
-1.485174894332885742e-02
-1.865822076797485352e-02
-2.233594655990600586e-02
-2.585893869400024414e-02
-2.920103073120117188e-02
-3.234249353408813477e-02
-3.527069091796875000e-02
-3.795379400253295898e-02
-4.038435220718383789e-02
-4.254466295242309570e-02
-4.441809654235839844e-02
-4.600113630294799805e-02
-4.727214574813842773e-02
-4.823845624923706055e-02
-4.888981580734252930e-02
-4.922437667846679688e-02
-4.924046993255615234e-02
-3.809928894042968750e-04
3.809154033660888672e-03
8.004188537597656250e-03
1.218408346176147461e-02
1.631563901901245117e-02
2.036613225936889648e-02
2.432078123092651367e-02
2.814620733261108398e-02
3.181415796279907227e-02
3.530478477478027344e-02
3.858917951583862305e-02
4.165560007095336914e-02
4.447239637374877930e-02
4.702585935592651367e-02
4.929667711257934570e-02
5.127483606338500977e-02
5.293291807174682617e-02
5.427318811416625977e-02
5.527716875076293945e-02
5.594164133071899414e-02
5.626016855239868164e-02
5.623131990432739258e-02
5.585104227066040039e-02
5.512219667434692383e-02
5.404841899871826172e-02
5.263769626617431641e-02
5.089288949966430664e-02
4.883539676666259766e-02
4.646426439285278320e-02
4.380035400390625000e-02
4.086548089981079102e-02
3.767234086990356445e-02
3.423839807510375977e-02
3.059536218643188477e-02
2.676361799240112305e-02
2.275890111923217773e-02
1.862210035324096680e-02
1.436555385589599609e-02
1.003277301788330078e-02
5.640923976898193359e-03
1.218378543853759766e-03
-3.201782703399658203e-03
-7.590293884277343750e-03
-1.192045211791992188e-02
-1.616746187210083008e-02
-2.029186487197875977e-02
-2.427971363067626953e-02
-2.809965610504150391e-02
-3.172999620437622070e-02
-3.514051437377929688e-02
-3.831487894058227539e-02
-4.122722148895263672e-02
-4.387164115905761719e-02
-4.622274637222290039e-02
-4.826682806015014648e-02
-4.999232292175292969e-02
-5.139160156250000000e-02
-5.244910717010498047e-02
-5.317342281341552734e-02
-5.355340242385864258e-02
-5.358678102493286133e-02
-9.659528732299804688e-04
3.661096096038818359e-03
8.299946784973144531e-03
1.290637254714965820e-02
1.744842529296875000e-02
2.190285921096801758e-02
2.623987197875976562e-02
3.042966127395629883e-02
3.444671630859375000e-02
3.826123476028442383e-02
4.184997081756591797e-02
4.518806934356689453e-02
4.826390743255615234e-02
5.104011297225952148e-02
5.351328849792480469e-02
5.565786361694335938e-02
5.745667219161987305e-02
5.890703201293945312e-02
5.999392271041870117e-02
6.070923805236816406e-02
6.104725599288940430e-02
6.100153923034667969e-02
6.058293581008911133e-02
5.977970361709594727e-02
5.860966444015502930e-02
5.706506967544555664e-02
5.516493320465087891e-02
5.291819572448730469e-02
5.034261941909790039e-02
4.744720458984375000e-02
4.425317049026489258e-02
4.078620672225952148e-02
3.706294298171997070e-02
3.310382366180419922e-02
2.894800901412963867e-02
2.460712194442749023e-02
2.011603116989135742e-02
1.550823450088500977e-02
1.080459356307983398e-02
6.045222282409667969e-03
1.254916191101074219e-03
-3.537476062774658203e-03
-8.294165134429931641e-03
-1.298356056213378906e-02
-1.758515834808349609e-02
-2.206009626388549805e-02
-2.638047933578491211e-02
-3.052341938018798828e-02
-3.445750474929809570e-02
-3.815877437591552734e-02
-4.160767793655395508e-02
-4.477316141128540039e-02
-4.764783382415771484e-02
-5.020552873611450195e-02
-5.243033170700073242e-02
-5.431652069091796875e-02
-5.584383010864257812e-02
-5.701291561126708984e-02
-5.781126022338867188e-02
-5.823653936386108398e-02
-5.829548835754394531e-02
-1.614391803741455078e-03
3.498852252960205078e-03
8.610963821411132812e-03
1.367723941802978516e-02
1.866674423217773438e-02
2.355641126632690430e-02
2.830874919891357422e-02
3.289246559143066406e-02
3.728550672531127930e-02
4.144793748855590820e-02
4.536813497543334961e-02
4.900890588760375977e-02
5.235123634338378906e-02
5.537527799606323242e-02
5.805957317352294922e-02
6.038844585418701172e-02
6.234383583068847656e-02
6.391090154647827148e-02
6.508362293243408203e-02
6.585627794265747070e-02
6.620901823043823242e-02
6.616050004959106445e-02
6.569278240203857422e-02
6.481456756591796875e-02
6.353127956390380859e-02
6.184834241867065430e-02
5.977618694305419922e-02
5.733346939086914062e-02
5.453050136566162109e-02
5.138528347015380859e-02
4.791784286499023438e-02
4.415214061737060547e-02
4.010969400405883789e-02
3.581577539443969727e-02
3.130525350570678711e-02
2.659702301025390625e-02
2.173542976379394531e-02
1.673382520675659180e-02
1.163935661315917969e-02
6.482541561126708984e-03
1.288592815399169922e-03
-3.899514675140380859e-03
-9.054601192474365234e-03
-1.413732767105102539e-02
-1.912039518356323242e-02
-2.397078275680541992e-02
-2.865689992904663086e-02
-3.314554691314697266e-02
-3.740775585174560547e-02
-4.142642021179199219e-02
-4.516714811325073242e-02
-4.860699176788330078e-02
-5.172878503799438477e-02
-5.450671911239624023e-02
-5.693662166595458984e-02
-5.899083614349365234e-02
-6.066602468490600586e-02
-6.194818019866943359e-02
-6.283283233642578125e-02
-6.331664323806762695e-02
-6.339550018310546875e-02
-2.312839031219482422e-03
3.322124481201171875e-03
8.946716785430908203e-03
1.450610160827636719e-02
1.998335123062133789e-02
2.533942461013793945e-02
3.054231405258178711e-02
3.555458784103393555e-02
4.034638404846191406e-02
4.489332437515258789e-02
4.916501045227050781e-02
5.313104391098022461e-02
5.676949024200439453e-02
6.005501747131347656e-02
6.297451257705688477e-02
6.550055742263793945e-02
6.762069463729858398e-02
6.932085752487182617e-02
7.058548927307128906e-02
7.141155004501342773e-02
7.179617881774902344e-02
7.172662019729614258e-02
7.121032476425170898e-02
7.024854421615600586e-02
6.885111331939697266e-02
6.701534986495971680e-02
6.476116180419921875e-02
6.210285425186157227e-02
5.905354022979736328e-02
5.563884973526000977e-02
5.187541246414184570e-02
4.778522253036499023e-02
4.340040683746337891e-02
3.874605894088745117e-02
3.385257720947265625e-02
2.874827384948730469e-02
2.347522974014282227e-02
1.806133985519409180e-02
1.253807544708251953e-02
6.951689720153808594e-03
1.323223114013671875e-03
-4.297733306884765625e-03
-9.878575801849365234e-03
-1.538443565368652344e-02
-2.078402042388916016e-02
-2.603703737258911133e-02
-3.111255168914794922e-02
-3.597980737686157227e-02
-4.060566425323486328e-02
-4.495882987976074219e-02
-4.901635646820068359e-02
-5.275291204452514648e-02
-5.614817142486572266e-02
-5.917185544967651367e-02
-6.181579828262329102e-02
-6.405335664749145508e-02
-6.588286161422729492e-02
-6.729060411453247070e-02
-6.826990842819213867e-02
-6.881004571914672852e-02
-6.891661882400512695e-02
-3.046154975891113281e-03
3.151834011077880859e-03
9.321689605712890625e-03
1.542568206787109375e-02
2.142697572708129883e-02
2.728164196014404297e-02
3.296715021133422852e-02
3.844577074050903320e-02
4.367172718048095703e-02
4.862952232360839844e-02
5.327773094177246094e-02
5.760014057159423828e-02
6.155407428741455078e-02
6.512665748596191406e-02
6.829178333282470703e-02
7.103079557418823242e-02
7.332837581634521484e-02
7.516771554946899414e-02
7.653534412384033203e-02
7.742321491241455078e-02
7.782858610153198242e-02
7.774430513381958008e-02
7.717847824096679688e-02
7.612538337707519531e-02
7.459491491317749023e-02
7.259911298751831055e-02
7.014501094818115234e-02
6.725555658340454102e-02
6.394302845001220703e-02
6.023418903350830078e-02
5.614793300628662109e-02
5.171114206314086914e-02
4.695349931716918945e-02
4.190552234649658203e-02
3.659957647323608398e-02
3.106945753097534180e-02
2.535569667816162109e-02
1.948726177215576172e-02
1.350468397140502930e-02
7.450103759765625000e-03
1.355826854705810547e-03
-4.729330539703369141e-03
-1.077276468276977539e-02
-1.673853397369384766e-02
-2.258586883544921875e-02
-2.827650308609008789e-02
-3.377181291580200195e-02
-3.904616832733154297e-02
-4.406189918518066406e-02
-4.878306388854980469e-02
-5.318558216094970703e-02
-5.723828077316284180e-02
-6.092542409896850586e-02
-6.421458721160888672e-02
-6.708836555480957031e-02
-6.953525543212890625e-02
-7.153421640396118164e-02
-7.307738065719604492e-02
-7.415515184402465820e-02
-7.476145029067993164e-02
-7.489246129989624023e-02
-3.817260265350341797e-03
2.993643283843994141e-03
9.753704071044921875e-03
1.644206047058105469e-02
2.300596237182617188e-02
2.940535545349121094e-02
3.560930490493774414e-02
4.158139228820800781e-02
4.728132486343383789e-02
5.268037319183349609e-02
5.774199962615966797e-02
6.243473291397094727e-02
6.673312187194824219e-02
7.061451673507690430e-02
7.405126094818115234e-02
7.702231407165527344e-02
7.950377464294433594e-02
8.149033784866333008e-02
8.296948671340942383e-02
8.392220735549926758e-02
8.435237407684326172e-02
8.425468206405639648e-02
8.362621068954467773e-02
8.247649669647216797e-02
8.080494403839111328e-02
7.863372564315795898e-02
7.596546411514282227e-02
7.282006740570068359e-02
6.922817230224609375e-02
6.519448757171630859e-02
6.076091527938842773e-02
5.594909191131591797e-02
5.079066753387451172e-02
4.531902074813842773e-02
3.956961631774902344e-02
3.357440233230590820e-02
2.738004922866821289e-02
2.102380990982055664e-02
1.454693078994750977e-02
7.984936237335205078e-03
1.390039920806884766e-03
-5.199611186981201172e-03
-1.174479722976684570e-02
-1.820725202560424805e-02
-2.453684806823730469e-02
-3.069651126861572266e-02
-3.665834665298461914e-02
-4.236936569213867188e-02
-4.780125617980957031e-02
-5.291801691055297852e-02
-5.769532918930053711e-02
-6.209748983383178711e-02
-6.609481573104858398e-02
-6.967121362686157227e-02
-7.279980182647705078e-02
-7.545852661132812500e-02
-7.764327526092529297e-02
-7.933372259140014648e-02
-8.051753044128417969e-02
-8.119302988052368164e-02
-8.135980367660522461e-02
-4.593312740325927734e-03
2.862751483917236328e-03
1.026779413223266602e-02
1.757884025573730469e-02
2.474582195281982422e-02
3.173267841339111328e-02
3.849691152572631836e-02
4.500049352645874023e-02
5.120694637298583984e-02
5.708634853363037109e-02
6.258505582809448242e-02
6.768745183944702148e-02
7.235473394393920898e-02
7.656055688858032227e-02
8.028763532638549805e-02
8.350366353988647461e-02
8.619213104248046875e-02
8.833640813827514648e-02
8.993083238601684570e-02
9.095573425292968750e-02
9.141391515731811523e-02
9.129244089126586914e-02
9.059864282608032227e-02
8.933997154235839844e-02
8.752340078353881836e-02
8.515566587448120117e-02
8.225536346435546875e-02
7.884001731872558594e-02
7.493555545806884766e-02
7.055580615997314453e-02
6.574726104736328125e-02
6.052887439727783203e-02
5.493384599685668945e-02
4.900205135345458984e-02
4.276925325393676758e-02
3.627628087997436523e-02
2.956789731979370117e-02
2.268040180206298828e-02
1.566535234451293945e-02
8.565843105316162109e-03
1.421749591827392578e-03
-5.715489387512207031e-03
-1.280474662780761719e-02
-1.979625225067138672e-02
-2.665060758590698242e-02
-3.332513570785522461e-02
-3.977650403976440430e-02
-4.596358537673950195e-02
-5.185049772262573242e-02
-5.739915370941162109e-02
-6.257659196853637695e-02
-6.734478473663330078e-02
-7.168877124786376953e-02
-7.557177543640136719e-02
-7.896959781646728516e-02
-8.186978101730346680e-02
-8.425396680831909180e-02
-8.610224723815917969e-02
-8.740353584289550781e-02
-8.816075325012207031e-02
-8.835655450820922852e-02
-5.382061004638671875e-03
2.774298191070556641e-03
1.087170839309692383e-02
1.884704828262329102e-02
2.666783332824707031e-02
3.428763151168823242e-02
4.165595769882202148e-02
4.873234033584594727e-02
5.548310279846191406e-02
6.186670064926147461e-02
6.784486770629882812e-02
7.338207960128784180e-02
7.844990491867065430e-02
8.301252126693725586e-02
8.704906702041625977e-02
9.052670001983642578e-02
9.343641996383666992e-02
9.575420618057250977e-02
9.746944904327392578e-02
9.856754541397094727e-02
9.905421733856201172e-02
9.890872240066528320e-02
9.815168380737304688e-02
9.676831960678100586e-02
9.478455781936645508e-02
9.220463037490844727e-02
8.905267715454101562e-02
8.534103631973266602e-02
8.110004663467407227e-02
7.635676860809326172e-02
7.113188505172729492e-02
6.547409296035766602e-02
5.940276384353637695e-02
5.297774076461791992e-02
4.622155427932739258e-02
3.918939828872680664e-02
3.192579746246337891e-02
2.446514368057250977e-02
1.686710119247436523e-02
9.182155132293701172e-03
1.447200775146484375e-03
-6.277978420257568359e-03
-1.395493745803833008e-02
-2.152007818222045898e-02
-2.894413471221923828e-02
-3.616803884506225586e-02
-4.315155744552612305e-02
-4.985260963439941406e-02
-5.623388290405273438e-02
-6.223851442337036133e-02
-6.785130500793457031e-02
-7.303017377853393555e-02
-7.774180173873901367e-02
-8.195811510086059570e-02
-8.565002679824829102e-02
-8.880710601806640625e-02
-9.140026569366455078e-02
-9.341943264007568359e-02
-9.485208988189697266e-02
-9.568566083908081055e-02
-9.592396020889282227e-02
-6.167948246002197266e-03
2.751529216766357422e-03
1.157927513122558594e-02
2.028518915176391602e-02
2.880358695983886719e-02
3.709524869918823242e-02
4.511582851409912109e-02
5.281418561935424805e-02
6.014704704284667969e-02
6.707686185836791992e-02
7.356810569763183594e-02
7.957315444946289062e-02
8.506649732589721680e-02
9.000957012176513672e-02
9.437447786331176758e-02
9.814053773880004883e-02
1.012852191925048828e-01
1.037874817848205566e-01
1.056319475173950195e-01
1.068130731582641602e-01
1.073224544525146484e-01
1.071534752845764160e-01
1.063134670257568359e-01
1.048070788383483887e-01
1.026458144187927246e-01
9.983605146408081055e-02
9.640532732009887695e-02
9.237670898437500000e-02
8.777087926864624023e-02
8.261722326278686523e-02
7.695305347442626953e-02
7.081544399261474609e-02
6.423628330230712891e-02
5.726945400238037109e-02
4.995012283325195312e-02
4.233503341674804688e-02
3.446125984191894531e-02
2.638870477676391602e-02
1.816272735595703125e-02
9.837388992309570312e-03
1.465678215026855469e-03
-6.897032260894775391e-03
-1.520454883575439453e-02
-2.339881658554077148e-02
-3.143477439880371094e-02
-3.925377130508422852e-02
-4.681539535522460938e-02
-5.406594276428222656e-02
-6.097382307052612305e-02
-6.748777627944946289e-02
-7.356315851211547852e-02
-7.917642593383789062e-02
-8.428806066513061523e-02
-8.886295557022094727e-02
-9.287577867507934570e-02
-9.630167484283447266e-02
-9.913319349288940430e-02
-1.013349294662475586e-01
-1.029018759727478027e-01
-1.038320660591125488e-01
-1.041045188903808594e-01
-6.920993328094482422e-03
2.801418304443359375e-03
1.243042945861816406e-02
2.190065383911132812e-02
3.117305040359497070e-02
4.019087553024291992e-02
4.890668392181396484e-02
5.726742744445800781e-02
6.523329019546508789e-02
7.275480031967163086e-02
7.979059219360351562e-02
8.629882335662841797e-02
9.224647283554077148e-02
9.760212898254394531e-02
1.023261547088623047e-01
1.063956022262573242e-01
1.097912192344665527e-01
1.124889254570007324e-01
1.144726276397705078e-01
1.157339215278625488e-01
1.162715554237365723e-01
1.160761117935180664e-01
1.151465773582458496e-01
1.135021448135375977e-01
1.111398935317993164e-01
1.080857515335083008e-01
1.043582558631896973e-01
9.997785091400146484e-02
9.497272968292236328e-02
8.938503265380859375e-02
8.324271440505981445e-02
7.658481597900390625e-02
6.945800781250000000e-02
6.190538406372070312e-02
5.397742986679077148e-02
4.572546482086181641e-02
3.720122575759887695e-02
2.845823764801025391e-02
1.955163478851318359e-02
1.053971052169799805e-02
1.479208469390869141e-03
-7.576942443847656250e-03
-1.656186580657958984e-02
-2.543205022811889648e-02
-3.412955999374389648e-02
-4.259568452835083008e-02
-5.078005790710449219e-02
-5.863064527511596680e-02
-6.610697507858276367e-02
-7.316124439239501953e-02
-7.974624633789062500e-02
-8.582663536071777344e-02
-9.136682748794555664e-02
-9.633153676986694336e-02
-1.006927490234375000e-01
-1.044164896011352539e-01
-1.074921488761901855e-01
-1.098943352699279785e-01
-1.116082072257995605e-01
-1.126313805580139160e-01
-1.129461526870727539e-01
-7.648587226867675781e-03
2.944707870483398438e-03
1.342087984085083008e-02
2.372986078262329102e-02
3.380614519119262695e-02
4.360401630401611328e-02
5.306833982467651367e-02
6.214040517807006836e-02
7.078117132186889648e-02
7.893532514572143555e-02
8.655971288681030273e-02
9.361004829406738281e-02
1.000514626502990723e-01
1.058335900306701660e-01
1.109463572502136230e-01
1.153491735458374023e-01
1.190098524093627930e-01
1.219123601913452148e-01
1.240483522415161133e-01
1.254020333290100098e-01
1.259610652923583984e-01
1.257334351539611816e-01
1.247090697288513184e-01
1.229057908058166504e-01
1.203332543373107910e-01
1.170101761817932129e-01
1.129552125930786133e-01
1.081966757774353027e-01
1.027655601501464844e-01
9.670192003250122070e-02
9.003818035125732422e-02
8.282029628753662109e-02
7.509756088256835938e-02
6.691062450408935547e-02
5.832272768020629883e-02
4.938364028930664062e-02
4.015100002288818359e-02
3.068476915359497070e-02
2.104669809341430664e-02
1.128798723220825195e-02
1.482546329498291016e-03
-8.317053318023681641e-03
-1.804852485656738281e-02
-2.764368057250976562e-02
-3.705155849456787109e-02
-4.621189832687377930e-02
-5.507105588912963867e-02
-6.357270479202270508e-02
-7.166725397109985352e-02
-7.930618524551391602e-02
-8.643412590026855469e-02
-9.302145242691040039e-02
-9.902226924896240234e-02
-1.044068932533264160e-01
-1.091336011886596680e-01
-1.131833195686340332e-01
-1.165246963500976562e-01
-1.191433668136596680e-01
-1.210166811943054199e-01
-1.221383213996887207e-01
-1.224972009658813477e-01
-8.318483829498291016e-03
3.203094005584716797e-03
1.459395885467529297e-02
2.579140663146972656e-02
3.673177957534790039e-02
4.736763238906860352e-02
5.763334035873413086e-02
6.747394800186157227e-02
7.683223485946655273e-02
8.566778898239135742e-02
9.392285346984863281e-02
1.015538573265075684e-01
1.085231900215148926e-01
1.147824525833129883e-01
1.203039288520812988e-01
1.250498294830322266e-01
1.290036439895629883e-01
1.321269273757934570e-01
1.344229578971862793e-01
1.358675956726074219e-01
1.364563703536987305e-01
1.361838579177856445e-01
1.350576877593994141e-01
1.330880522727966309e-01
1.302844882011413574e-01
1.266615390777587891e-01
1.222557425498962402e-01
1.170868873596191406e-01
1.111956238746643066e-01
1.046084761619567871e-01
9.738349914550781250e-02
8.955734968185424805e-02
8.118259906768798828e-02
7.231235504150390625e-02
6.301248073577880859e-02
5.332839488983154297e-02
4.333657026290893555e-02
3.307873010635375977e-02
2.264815568923950195e-02
1.209127902984619141e-02
1.472055912017822266e-03
-9.130716323852539062e-03
-1.965451240539550781e-02
-3.004825115203857422e-02
-4.022574424743652344e-02
-5.013650655746459961e-02
-5.971932411193847656e-02
-6.892651319503784180e-02
-7.768350839614868164e-02
-8.594709634780883789e-02
-9.367352724075317383e-02
-1.008061170578002930e-01
-1.073062419891357422e-01
-1.131353974342346191e-01
-1.182705163955688477e-01
-1.226611733436584473e-01
-1.262902021408081055e-01
-1.291432380676269531e-01
-1.311868429183959961e-01
-1.324137449264526367e-01
-1.328226327896118164e-01
-8.923292160034179688e-03
3.596007823944091797e-03
1.596415042877197266e-02
2.811574935913085938e-02
3.998291492462158203e-02
5.151975154876708984e-02
6.263786554336547852e-02
7.329988479614257812e-02
8.344036340713500977e-02
9.300535917282104492e-02
1.019389033317565918e-01
1.101925373077392578e-01
1.177204251289367676e-01
1.244840621948242188e-01
1.304451227188110352e-01
1.355704665184020996e-01
1.398316025733947754e-01
1.432015299797058105e-01
1.456594467163085938e-01
1.472021937370300293e-01
1.478133201599121094e-01
1.474976241588592529e-01
1.462575793266296387e-01
1.441031694412231445e-01
1.410428285598754883e-01
1.371024250984191895e-01
1.323103308677673340e-01
1.266995072364807129e-01
1.202994585037231445e-01
1.131578683853149414e-01
1.053181886672973633e-01
9.683388471603393555e-02
8.775997161865234375e-02
7.815229892730712891e-02
6.807309389114379883e-02
5.758595466613769531e-02
4.676157236099243164e-02
3.566503524780273438e-02
2.436816692352294922e-02
1.293754577636718750e-02
1.450479030609130859e-03
-1.002067327499389648e-02
-2.141255140304565430e-02
-3.265500068664550781e-02
-4.366528987884521484e-02
-5.439275503158569336e-02
-6.476217508316040039e-02
-7.472121715545654297e-02
-8.419221639633178711e-02
-9.314358234405517578e-02
-1.014977693557739258e-01
-1.092222929000854492e-01
-1.162676215171813965e-01
-1.225860714912414551e-01
-1.281419396400451660e-01
-1.329051852226257324e-01
-1.368523240089416504e-01
-1.399415135383605957e-01
-1.421713232994079590e-01
-1.435149312019348145e-01
-1.439664959907531738e-01
-9.441196918487548828e-03
4.144310951232910156e-03
1.756244897842407227e-02
3.073012828826904297e-02
4.359555244445800781e-02
5.608451366424560547e-02
6.813299655914306641e-02
7.967376708984375000e-02
9.064769744873046875e-02
1.009888052940368652e-01
1.106517910957336426e-01
1.195738911628723145e-01
1.277097463607788086e-01
1.350175142288208008e-01
1.414505839347839355e-01
1.469780504703521729e-01
1.515621542930603027e-01
1.551890075206756592e-01
1.578288972377777100e-01
1.594708263874053955e-01
1.601158678531646729e-01
1.597487926483154297e-01
1.583827733993530273e-01
1.560188233852386475e-01
1.526852846145629883e-01
1.483971774578094482e-01
1.431880593299865723e-01
1.370911598205566406e-01
1.301414966583251953e-01
1.223954558372497559e-01
1.138982176780700684e-01
1.046967506408691406e-01
9.486061334609985352e-02
8.445543050765991211e-02
7.353031635284423828e-02
6.217497587203979492e-02
5.045664310455322266e-02
3.843981027603149414e-02
2.621185779571533203e-02
1.384228467941284180e-02
1.412928104400634766e-03
-1.100301742553710938e-02
-2.332806587219238281e-02
-3.548640012741088867e-02
-4.740113019943237305e-02
-5.900800228118896484e-02
-7.022637128829956055e-02
-8.099317550659179688e-02
-9.124797582626342773e-02
-1.009285449981689453e-01
-1.099699735641479492e-01
-1.183325052261352539e-01
-1.259522438049316406e-01
-1.327933669090270996e-01
-1.388165950775146484e-01
-1.439807415008544922e-01
-1.482554078102111816e-01
-1.516171097755432129e-01
-1.540440917015075684e-01
-1.555089354515075684e-01
-1.560176014900207520e-01
-9.864091873168945312e-03
4.864633083343505859e-03
1.939642429351806641e-02
3.366732597351074219e-02
4.759877920150756836e-02
6.111669540405273438e-02
7.414823770523071289e-02
8.663493394851684570e-02
9.850245714187622070e-02
1.096873283386230469e-01
1.201239228248596191e-01
1.297680735588073730e-01
1.385521292686462402e-01
1.464416980743408203e-01
1.533815264701843262e-01
1.593402624130249023e-01
1.642790436744689941e-01
1.681739091873168945e-01
1.710079908370971680e-01
1.727611124515533447e-01
1.734271347522735596e-01
1.730001270771026611e-01
1.714964509010314941e-01
1.689106225967407227e-01
1.652796268463134766e-01
1.606161892414093018e-01
1.549529433250427246e-01
1.483312845230102539e-01
1.407884955406188965e-01
1.323850750923156738e-01
1.231646537780761719e-01
1.131928563117980957e-01
1.025353074073791504e-01
9.125113487243652344e-02
7.942354679107666016e-02
6.712573766708374023e-02
5.443769693374633789e-02
4.143071174621582031e-02
2.819544076919555664e-02
1.480847597122192383e-02
1.355171203613281250e-03
-1.207399368286132812e-02
-2.541500329971313477e-02
-3.856730461120605469e-02
-5.145710706710815430e-02
-6.400692462921142578e-02
-7.613921165466308594e-02
-8.778876066207885742e-02
-9.887868165969848633e-02
-1.093494296073913574e-01
-1.191343665122985840e-01
-1.281789541244506836e-01
-1.364268660545349121e-01
-1.438411474227905273e-01
-1.503540277481079102e-01
-1.559482812881469727e-01
-1.605844497680664062e-01
-1.642327904701232910e-01
-1.668596863746643066e-01
-1.684625744819641113e-01
-1.690189242362976074e-01
-1.015901565551757812e-02
5.784153938293457031e-03
2.151888608932495117e-02
3.695774078369140625e-02
5.202823877334594727e-02
6.664329767227172852e-02
8.074659109115600586e-02
9.424149990081787109e-02
1.070609092712402344e-01
1.191491484642028809e-01
1.304243206977844238e-01
1.408385038375854492e-01
1.503230333328247070e-01
1.588311791419982910e-01
1.663157045841217041e-01
1.727300286293029785e-01
1.780539155006408691e-01
1.822417676448822021e-01
1.852801740169525146e-01
1.871480643749237061e-01
1.878392696380615234e-01
1.873492002487182617e-01
1.856883764266967773e-01
1.828650534152984619e-01
1.789018511772155762e-01
1.738319694995880127e-01
1.676764190196990967e-01
1.604815125465393066e-01
1.522968411445617676e-01
1.431815028190612793e-01
1.331840157508850098e-01
1.223752498626708984e-01
1.108207106590270996e-01
9.859818220138549805e-02
8.579009771347045898e-02
7.247215509414672852e-02
5.872988700866699219e-02
4.464936256408691406e-02
3.032153844833374023e-02
1.583141088485717773e-02
1.275837421417236328e-03
-1.325762271881103516e-02
-2.768617868423461914e-02
-4.190814495086669922e-02
-5.585175752639770508e-02
-6.942611932754516602e-02
-8.254969120025634766e-02
-9.514844417572021484e-02
-1.071404218673706055e-01
-1.184672713279724121e-01
-1.290464401245117188e-01
-1.388329863548278809e-01
-1.477537155151367188e-01
-1.557686924934387207e-01
-1.628234982490539551e-01
-1.688831448554992676e-01
-1.738972663879394531e-01
-1.778559088706970215e-01
-1.807099580764770508e-01
-1.824523806571960449e-01
-1.830603480339050293e-01
-1.032823324203491211e-02
6.926417350769042969e-03
2.393817901611328125e-02
4.063302278518676758e-02
5.692458152770996094e-02
7.272619009017944336e-02
8.795541524887084961e-02
1.025360822677612305e-01
1.163890361785888672e-01
1.294373273849487305e-01
1.416140794754028320e-01
1.528493165969848633e-01
1.630841493606567383e-01
1.722639799118041992e-01
1.803322732448577881e-01
1.872479319572448730e-01
1.929715871810913086e-01
1.974753737449645996e-01
2.007305920124053955e-01
2.027153372764587402e-01
2.034336030483245850e-01
2.028739154338836670e-01
2.010470330715179443e-01
1.979607939720153809e-01
1.936420500278472900e-01
1.881223022937774658e-01
1.814349889755249023e-01
1.736207902431488037e-01
1.647417247295379639e-01
1.548521816730499268e-01
1.440088152885437012e-01
1.322899460792541504e-01
1.197729706764221191e-01
1.065322160720825195e-01
9.265625476837158203e-02
7.823181152343750000e-02
6.335145235061645508e-02
4.810541868209838867e-02
3.260082006454467773e-02
1.692539453506469727e-02
1.176118850708007812e-03
-1.455110311508178711e-02
-3.015577793121337891e-02
-4.554361104965209961e-02
-6.062388420104980469e-02
-7.530242204666137695e-02
-8.949619531631469727e-02
-1.031171083450317383e-01
-1.160898804664611816e-01
-1.283267140388488770e-01
-1.397754549980163574e-01
-1.503556966781616211e-01
-1.600005030632019043e-01
-1.686689257621765137e-01
-1.763015389442443848e-01
-1.828534603118896484e-01
-1.882863640785217285e-01
-1.925678253173828125e-01
-1.956657171249389648e-01
-1.975567340850830078e-01
-1.982240080833435059e-01
-1.033520698547363281e-02
8.309185504913330078e-03
2.669292688369750977e-02
4.473018646240234375e-02
6.232589483261108398e-02
7.939809560775756836e-02
9.583896398544311523e-02
1.115860939025878906e-01
1.265428066253662109e-01
1.406238079071044922e-01
1.537663936614990234e-01
1.658875644207000732e-01
1.769272089004516602e-01
1.868219971656799316e-01
1.955178678035736084e-01
2.029655575752258301e-01
2.091271281242370605e-01
2.139604687690734863e-01
2.174484729766845703e-01
2.195691168308258057e-01
2.203107476234436035e-01
2.196689248085021973e-01
2.176589071750640869e-01
2.142885923385620117e-01
2.095853090286254883e-01
2.035783827304840088e-01
1.963089704513549805e-01
1.878319382667541504e-01
1.781962513923645020e-01
1.674617826938629150e-01
1.557047963142395020e-01
1.430079340934753418e-01
1.294408440589904785e-01
1.150910854339599609e-01
1.000592112541198730e-01
8.443725109100341797e-02
6.833308935165405273e-02
5.183416604995727539e-02
3.504443168640136719e-02
1.807963848114013672e-02
1.040458679199218750e-03
-1.597338914871215820e-02
-3.285217285156250000e-02
-4.949396848678588867e-02
-6.580108404159545898e-02
-8.167451620101928711e-02
-9.701961278915405273e-02
-1.117479801177978516e-01
-1.257693171501159668e-01
-1.390083432197570801e-01
-1.513732075691223145e-01
-1.628038883209228516e-01
-1.732438206672668457e-01
-1.826158165931701660e-01
-1.908668279647827148e-01
-1.979584097862243652e-01
-2.038295865058898926e-01
-2.084621191024780273e-01
-2.118141055107116699e-01
-2.138593792915344238e-01
-2.145873904228210449e-01
-1.017522811889648438e-02
9.960889816284179688e-03
2.980530261993408203e-02
4.928195476531982422e-02
6.827622652053833008e-02
8.669513463973999023e-02
1.044498682022094727e-01
1.214384436607360840e-01
1.375746726989746094e-01
1.527765691280364990e-01
1.669497787952423096e-01
1.800195872783660889e-01
1.919235587120056152e-01
2.025942206382751465e-01
2.119652926921844482e-01
2.199866175651550293e-01
2.266122996807098389e-01
2.318096458911895752e-01
2.355456948280334473e-01
2.378049790859222412e-01
2.385683655738830566e-01
2.378412187099456787e-01
2.356298267841339111e-01
2.319488823413848877e-01
2.268255054950714111e-01
2.202953398227691650e-01
2.124006450176239014e-01
2.031936645507812500e-01
1.927374005317687988e-01
1.810951530933380127e-01
1.683512330055236816e-01
1.545855700969696045e-01
1.398792266845703125e-01
1.243377327919006348e-01
1.080585122108459473e-01
9.114593267440795898e-02
7.369923591613769531e-02
5.583721399307250977e-02
3.766906261444091797e-02
1.930850744247436523e-02
8.757114410400390625e-04
-1.752859354019165039e-02
-3.579199314117431641e-02
-5.378532409667968750e-02
-7.142156362533569336e-02
-8.858382701873779297e-02
-1.051748991012573242e-01
-1.210939288139343262e-01
-1.362474560737609863e-01
-1.505553126335144043e-01
-1.639282107353210449e-01
-1.762872934341430664e-01
-1.875587701797485352e-01
-1.976866126060485840e-01
-2.066060900688171387e-01
-2.142647504806518555e-01
-2.206206917762756348e-01
-2.256261706352233887e-01
-2.292531132698059082e-01
-2.314715981483459473e-01
-2.322578430175781250e-01
-9.824812412261962891e-03
1.189613342285156250e-02
3.331696987152099609e-02
5.432349443435668945e-02
7.481843233108520508e-02
9.468859434127807617e-02
1.138433814048767090e-01
1.321625113487243652e-01
1.495681405067443848e-01
1.659567356109619141e-01
1.812465488910675049e-01
1.953439414501190186e-01
2.081795632839202881e-01
2.196760177612304688e-01
2.297725975513458252e-01
2.384091615676879883e-01
2.455363869667053223e-01
2.511219084262847900e-01
2.551258802413940430e-01
2.575308680534362793e-01
2.583197057247161865e-01
2.574981749057769775e-01
2.550669312477111816e-01
2.510488033294677734e-01
2.454736530780792236e-01
2.383732199668884277e-01
2.297967374324798584e-01
2.197994589805603027e-01
2.084580659866333008e-01
1.958316266536712646e-01
1.820152103900909424e-01
1.670869588851928711e-01
1.511591970920562744e-01
1.343232989311218262e-01
1.166883707046508789e-01
9.836649894714355469e-02
7.948392629623413086e-02
6.015086174011230469e-02
4.048466682434082031e-02
2.061480283737182617e-02
6.669163703918457031e-04
-1.924216747283935547e-02
-3.899031877517700195e-02
-5.845230817794799805e-02
-7.751989364624023438e-02
-9.607815742492675781e-02
-1.140099763870239258e-01
-1.312142014503479004e-01
-1.475964188575744629e-01
-1.630539894104003906e-01
-1.775020956993103027e-01
-1.908549070358276367e-01
-2.030365467071533203e-01
-2.139793038368225098e-01
-2.236121296882629395e-01
-2.318869233131408691e-01
-2.387506365776062012e-01
-2.441564798355102539e-01
-2.480794787406921387e-01
-2.504763603210449219e-01
-2.513291835784912109e-01
-9.272754192352294922e-03
1.415228843688964844e-02
3.724408149719238281e-02
5.989569425582885742e-02
8.199125528335571289e-02
1.034165620803833008e-01
1.240705847740173340e-01
1.438274383544921875e-01
1.625937223434448242e-01
1.802623867988586426e-01
1.967499852180480957e-01
2.119430899620056152e-01
2.257804870605468750e-01
2.381692528724670410e-01
2.490450143814086914e-01
2.583480179309844971e-01
2.660148739814758301e-01
2.720141410827636719e-01
2.763053178787231445e-01
2.788704931735992432e-01
2.796868383884429932e-01
2.787590324878692627e-01
2.760924398899078369e-01
2.717105746269226074e-01
2.656373679637908936e-01
2.579224705696105957e-01
2.486060261726379395e-01
2.377642691135406494e-01
2.254554927349090576e-01
2.117646932601928711e-01
1.967827081680297852e-01
1.806085407733917236e-01
1.633424758911132812e-01
1.450997591018676758e-01
1.260028481483459473e-01
1.061643362045288086e-01
8.571213483810424805e-02
6.478738784790039062e-02
4.350036382675170898e-02
2.200239896774291992e-02
4.152059555053710938e-04
-2.112275362014770508e-02
-4.247677326202392578e-02
-6.352299451828002930e-02
-8.414036035537719727e-02
-1.041939258575439453e-01
-1.235820651054382324e-01
-1.421791315078735352e-01
-1.598765254020690918e-01
-1.765763759613037109e-01
-1.921844482421875000e-01
-2.066028714179992676e-01
-2.197665572166442871e-01
-2.315792441368103027e-01
-2.419870495796203613e-01
-2.509214282035827637e-01
-2.583312988281250000e-01
-2.641748785972595215e-01
-2.684060335159301758e-01
-2.709924578666687012e-01
-2.719179987907409668e-01
-8.490562438964843750e-03
1.674383878707885742e-02
4.162997007369995117e-02
6.603676080703735352e-02
8.984816074371337891e-02
1.129444837570190430e-01
1.351971626281738281e-01
1.564920842647552490e-01
1.767196655273437500e-01
1.957672834396362305e-01
2.135364115238189697e-01
2.299156785011291504e-01
2.448268234729766846e-01
2.581769227981567383e-01
2.698912322521209717e-01
2.799074649810791016e-01
2.881671190261840820e-01
2.946105897426605225e-01
2.992115914821624756e-01
3.019449710845947266e-01
3.027929365634918213e-01
3.017530441284179688e-01
2.988298535346984863e-01
2.940556704998016357e-01
2.874495089054107666e-01
2.790637016296386719e-01
2.689476609230041504e-01
2.571787834167480469e-01
2.438296377658843994e-01
2.289811670780181885e-01
2.127371728420257568e-01
1.952089965343475342e-01
1.765031218528747559e-01
1.567448377609252930e-01
1.360529661178588867e-01
1.145663857460021973e-01
9.243071079254150391e-02
6.977105140686035156e-02
4.673749208450317383e-02
2.347135543823242188e-02
1.134872436523437500e-04
-2.318078279495239258e-02
-4.627758264541625977e-02
-6.903100013732910156e-02
-9.132784605026245117e-02
-1.130048036575317383e-01
-1.339518427848815918e-01
-1.540433764457702637e-01
-1.731692552566528320e-01
-1.912081241607666016e-01
-2.080658078193664551e-01
-2.236368656158447266e-01
-2.378455996513366699e-01
-2.506136298179626465e-01
-2.618449926376342773e-01
-2.714834809303283691e-01
-2.794766426086425781e-01
-2.857850790023803711e-01
-2.903473973274230957e-01
-2.931399345397949219e-01
-2.941272854804992676e-01
-7.472932338714599609e-03
1.969736814498901367e-02
4.649853706359863281e-02
7.278645038604736328e-02
9.843713045120239258e-02
1.233152747154235840e-01
1.472879648208618164e-01
1.702383756637573242e-01
1.920349001884460449e-01
2.125650048255920410e-01
2.317108213901519775e-01
2.493687868118286133e-01
2.654381692409515381e-01
2.798213958740234375e-01
2.924423813819885254e-01
3.032327592372894287e-01
3.121142983436584473e-01
3.190473616123199463e-01
3.239862918853759766e-01
3.269059062004089355e-01
3.277842998504638672e-01
3.266148865222930908e-01
3.234208822250366211e-01
3.182155787944793701e-01
3.110300898551940918e-01
3.019253611564636230e-01
2.909447252750396729e-01
2.781761586666107178e-01
2.636955380439758301e-01
2.475977540016174316e-01
2.299928367137908936e-01
2.109899222850799561e-01
1.907200217247009277e-01
1.693116426467895508e-01
1.469083428382873535e-01
1.236390471458435059e-01
9.966808557510375977e-02
7.513236999511718750e-02
5.020111799240112305e-02
2.502554655075073242e-02
-2.379417419433593750e-04
-2.543503046035766602e-02
-5.042105913162231445e-02
-7.502883672714233398e-02
-9.912306070327758789e-02
-1.225538849830627441e-01
-1.451910138130187988e-01
-1.669054031372070312e-01
-1.875610351562500000e-01
-2.070416212081909180e-01
-2.252500057220458984e-01
-2.420554757118225098e-01
-2.573959231376647949e-01
-2.711652517318725586e-01
-2.832856178283691406e-01
-2.936905026435852051e-01
-3.023188114166259766e-01
-3.091154694557189941e-01
-3.140413165092468262e-01
-3.170425295829772949e-01
-3.181059956550598145e-01
-6.202042102813720703e-03
2.304106950759887695e-02
5.188995599746704102e-02
8.018809556961059570e-02
1.078062057495117188e-01
1.345930695533752441e-01
1.604230701923370361e-01
1.851403117179870605e-01
2.086222767829895020e-01
2.307426929473876953e-01
2.513782083988189697e-01
2.704018950462341309e-01
2.877221405506134033e-01
3.032250404357910156e-01
3.168248534202575684e-01
3.284430801868438721e-01
3.380131721496582031e-01
3.454667329788208008e-01
3.507722020149230957e-01
3.538877367973327637e-01
3.548005819320678711e-01
3.535128533840179443e-01
3.500087559223175049e-01
3.443453609943389893e-01
3.365401625633239746e-01
3.266433179378509521e-01
3.147282302379608154e-01
3.008745312690734863e-01
2.851718664169311523e-01
2.677209675312042236e-01
2.486355602741241455e-01
2.280456423759460449e-01
2.060847580432891846e-01
1.828871369361877441e-01
1.586159765720367432e-01
1.334205865859985352e-01
1.074647307395935059e-01
8.090710639953613281e-02
5.392193794250488281e-02
2.667582035064697266e-02
-6.632208824157714844e-04
-2.791869640350341797e-02
-5.493628978729248047e-02
-8.154469728469848633e-02
-1.075893044471740723e-01
-1.329151391983032227e-01
-1.573764085769653320e-01
-1.808322668075561523e-01
-2.031406164169311523e-01
-2.241806983947753906e-01
-2.438303232192993164e-01
-2.619739174842834473e-01
-2.785250544548034668e-01
-2.933848500251770020e-01
-3.064630627632141113e-01
-3.176832795143127441e-01
-3.269809484481811523e-01
-3.343104720115661621e-01
-3.396114706993103027e-01
-3.428460359573364258e-01
-3.439816832542419434e-01
-4.669070243835449219e-03
2.679634094238281250e-02
5.782967805862426758e-02
8.828049898147583008e-02
1.180069446563720703e-01
1.468501091003417969e-01
1.746508479118347168e-01
2.012797892093658447e-01
2.265782058238983154e-01
2.504079937934875488e-01
2.726387381553649902e-01
2.931476831436157227e-01
3.118064999580383301e-01
3.285208046436309814e-01
3.431814312934875488e-01
3.556964397430419922e-01
3.659963905811309814e-01
3.740296661853790283e-01
3.797258734703063965e-01
3.830670714378356934e-01
3.840191960334777832e-01
3.825855851173400879e-01
3.787686228752136230e-01
3.725968301296234131e-01
3.641219437122344971e-01
3.533836305141448975e-01
3.404580950736999512e-01
3.254292607307434082e-01
3.084006011486053467e-01
2.894809842109680176e-01
2.687942087650299072e-01
2.464773356914520264e-01
2.226797938346862793e-01
1.975570023059844971e-01
1.712634265422821045e-01
1.439701914787292480e-01
1.158641576766967773e-01
8.711671829223632812e-02
5.790597200393676758e-02
2.842199802398681641e-02
-1.151442527770996094e-03
-3.064423799514770508e-02
-5.985295772552490234e-02
-8.863103389739990234e-02
-1.167845129966735840e-01
-1.441547274589538574e-01
-1.705802679061889648e-01
-1.959094405174255371e-01
-2.200052738189697266e-01
-2.427182197570800781e-01
-2.639292478561401367e-01
-2.835114002227783203e-01
-3.013662695884704590e-01
-3.173863887786865234e-01
-3.314908742904663086e-01
-3.435927033424377441e-01
-3.536109328269958496e-01
-3.615092635154724121e-01
-3.672162890434265137e-01
-3.706927895545959473e-01
-3.719112277030944824e-01
-2.844035625457763672e-03
3.097450733184814453e-02
6.434911489486694336e-02
9.711313247680664062e-02
1.290978193283081055e-01
1.601375043392181396e-01
1.900752484798431396e-01
2.187460064888000488e-01
2.459885179996490479e-01
2.716681063175201416e-01
2.956250905990600586e-01
3.177250027656555176e-01
3.378388881683349609e-01
3.558567166328430176e-01
3.716598749160766602e-01
3.851533532142639160e-01
3.962584137916564941e-01
4.049009680747985840e-01
4.110301733016967773e-01
4.146078228950500488e-01
4.156088829040527344e-01
4.140201807022094727e-01
4.098649024963378906e-01
4.031610190868377686e-01
3.939522504806518555e-01
3.822986781597137451e-01
3.682763278484344482e-01
3.519860804080963135e-01
3.335197269916534424e-01
3.130099773406982422e-01
2.905921638011932373e-01
2.664058208465576172e-01
2.406173944473266602e-01
2.133981585502624512e-01
1.849128603935241699e-01
1.553553044795989990e-01
1.249215006828308105e-01
9.379422664642333984e-02
6.217992305755615234e-02
3.026974201202392578e-02
-1.731097698211669922e-03
-3.362339735031127930e-02
-6.522905826568603516e-02
-9.632927179336547852e-02
-1.267635822296142578e-01
-1.563389301300048828e-01
-1.848898530006408691e-01
-2.122474312782287598e-01
-2.382608652114868164e-01
-2.627812623977661133e-01
-2.856726646423339844e-01
-3.067976832389831543e-01
-3.260592818260192871e-01
-3.433345556259155273e-01
-3.585346341133117676e-01
-3.715690970420837402e-01
-3.823706507682800293e-01
-3.908711075782775879e-01
-3.970118165016174316e-01
-4.007560610771179199e-01
-4.020648598670959473e-01
-7.389187812805175781e-04
3.560960292816162109e-02
7.149535417556762695e-02
1.067242622375488281e-01
1.411249041557312012e-01
1.745349764823913574e-01
2.067523002624511719e-01
2.376240193843841553e-01
2.669714689254760742e-01
2.946336865425109863e-01
3.204476833343505859e-01
3.442750275135040283e-01
3.659643232822418213e-01
3.853874802589416504e-01
4.024251699447631836e-01
4.169806838035583496e-01
4.289498329162597656e-01
4.382706284523010254e-01
4.448670744895935059e-01
4.487118124961853027e-01
4.497646093368530273e-01
4.480226635932922363e-01
4.434973299503326416e-01
4.362103343009948730e-01
4.262159764766693115e-01
4.135765433311462402e-01
3.983753025531768799e-01
3.807055950164794922e-01
3.606919348239898682e-01
3.384572267532348633e-01
3.141581714153289795e-01
2.879494130611419678e-01
2.600095868110656738e-01
2.305115461349487305e-01
1.996586024761199951e-01
1.676422953605651855e-01
1.346839666366577148e-01
1.009821891784667969e-01
6.675529479980468750e-02
3.222298622131347656e-02
-2.403676509857177734e-03
-3.690743446350097656e-02
-7.107740640640258789e-02
-1.047136783599853516e-01
-1.376071572303771973e-01
-1.695638895034790039e-01
-2.004094123840332031e-01
-2.299515604972839355e-01
-2.580358386039733887e-01
-2.844936251640319824e-01
-3.091863989830017090e-01
-3.319770097732543945e-01
-3.527384996414184570e-01
-3.713690638542175293e-01
-3.877440094947814941e-01
-4.017935395240783691e-01
-4.134269356727600098e-01
-4.225731492042541504e-01
-4.291792511940002441e-01
-4.332067370414733887e-01
-4.345977902412414551e-01
1.670002937316894531e-03
4.072493314743041992e-02
7.928180694580078125e-02
1.171597242355346680e-01
1.541628837585449219e-01
1.901008486747741699e-01
2.247841060161590576e-01
2.580181658267974854e-01
2.896272540092468262e-01
3.194260001182556152e-01
3.472528755664825439e-01
3.729355931282043457e-01
3.963258862495422363e-01
4.172764122486114502e-01
4.356601834297180176e-01
4.513598084449768066e-01
4.642750024795532227e-01
4.743283987045288086e-01
4.814471006393432617e-01
4.855775535106658936e-01
4.866947531700134277e-01
4.847879409790039062e-01
4.798735976219177246e-01
4.719650745391845703e-01
4.611269235610961914e-01
4.474206566810607910e-01
4.309333860874176025e-01
4.117782115936279297e-01
3.900843262672424316e-01
3.659856617450714111e-01
3.396437466144561768e-01
3.112450838088989258e-01
2.809648215770721436e-01
2.490071058273315430e-01
2.155780494213104248e-01
1.809072494506835938e-01
1.452055573463439941e-01
1.087127923965454102e-01
7.165974378585815430e-02
3.427952527999877930e-02
-3.189027309417724609e-03
-4.051154851913452148e-02
-7.746970653533935547e-02
-1.138263344764709473e-01
-1.493814587593078613e-01
-1.839181184768676758e-01
-2.172272205352783203e-01
-2.491294741630554199e-01
-2.794364690780639648e-01
-3.079956769943237305e-01
-3.346347212791442871e-01
-3.592069745063781738e-01
-3.815916180610656738e-01
-4.016613364219665527e-01
-4.193038344383239746e-01
-4.344399571418762207e-01
-4.469535946846008301e-01
-4.567978978157043457e-01
-4.639061093330383301e-01
-4.682318568229675293e-01
-4.697155356407165527e-01
4.378736019134521484e-03
4.632514715194702148e-02
8.775961399078369141e-02
1.284700632095336914e-01
1.682600677013397217e-01
2.069175243377685547e-01
2.442474961280822754e-01
2.800312340259552002e-01
3.140751719474792480e-01
3.461938500404357910e-01
3.761840164661407471e-01
4.038780033588409424e-01
4.291050732135772705e-01
4.517075419425964355e-01
4.715499281883239746e-01
4.885030090808868408e-01
5.024509429931640625e-01
5.133017301559448242e-01
5.209810733795166016e-01
5.254351496696472168e-01
5.266337394714355469e-01
5.245624780654907227e-01
5.192164182662963867e-01
5.106403827667236328e-01
4.988927543163299561e-01
4.840328693389892578e-01
4.661668837070465088e-01
4.453991949558258057e-01
4.218859076499938965e-01
3.957673311233520508e-01
3.672251105308532715e-01
3.364364206790924072e-01
3.036236166954040527e-01
2.689914703369140625e-01
2.327767908573150635e-01
1.952121257781982422e-01
1.565468907356262207e-01
1.170241236686706543e-01
7.691103219985961914e-02
3.645461797714233398e-02
-4.091024398803710938e-03
-4.447311162948608398e-02
-8.444321155548095703e-02
-1.237536668777465820e-01
-1.621804833412170410e-01
-1.994835734367370605e-01
-2.354714870452880859e-01
-2.699105739593505859e-01
-3.026212453842163086e-01
-3.334328532218933105e-01
-3.621624112129211426e-01
-3.886569142341613770e-01
-4.127767682075500488e-01
-4.343965649604797363e-01
-4.533995985984802246e-01
-4.696828722953796387e-01
-4.831655621528625488e-01
-4.937478899955749512e-01
-5.014016032218933105e-01
-5.060415863990783691e-01
-5.076332688331604004e-01
7.407307624816894531e-03
5.243229866027832031e-02
9.694057703018188477e-02
1.406978368759155273e-01
1.834784746170043945e-01
2.250679135322570801e-01
2.652432322502136230e-01
3.037671148777008057e-01
3.404453992843627930e-01
3.750545084476470947e-01
4.073886871337890625e-01
4.372643232345581055e-01
4.644818603992462158e-01
4.888851046562194824e-01
5.103096961975097656e-01
5.286155343055725098e-01
5.436856150627136230e-01
5.554165840148925781e-01
5.637214183807373047e-01
5.685315132141113281e-01
5.698236823081970215e-01
5.675720572471618652e-01
5.617839694023132324e-01
5.524989366531372070e-01
5.397602915763854980e-01
5.236614942550659180e-01
5.043004155158996582e-01
4.817922413349151611e-01
4.563024044036865234e-01
4.279925525188446045e-01
3.970555365085601807e-01
3.636879324913024902e-01
3.281228542327880859e-01
2.905945777893066406e-01
2.513437569141387939e-01
2.106521725654602051e-01
1.687595844268798828e-01
1.259620189666748047e-01
8.252519369125366211e-02
3.873175382614135742e-02
-5.148470401763916016e-03
-4.883617162704467773e-02
-9.205883741378784180e-02
-1.345634460449218750e-01
-1.760954856872558594e-01
-2.164015769958496094e-01
-2.552568316459655762e-01
-2.924395799636840820e-01
-3.277409672737121582e-01
-3.609724640846252441e-01
-3.919488787651062012e-01
-4.205003380775451660e-01
-4.464885592460632324e-01
-4.697791934013366699e-01
-4.902324080467224121e-01
-5.077579617500305176e-01
-5.222536921501159668e-01
-5.336479544639587402e-01
-5.418596863746643066e-01
-5.468484759330749512e-01
-5.485636591911315918e-01
1.073575019836425781e-02
5.907303094863891602e-02
1.068708896636962891e-01
1.538879871368408203e-01
1.998835504055023193e-01
2.446228265762329102e-01
2.878651320934295654e-01
3.293496370315551758e-01
3.688670992851257324e-01
4.061717391014099121e-01
4.410513937473297119e-01
4.732773602008819580e-01
5.026603937149047852e-01
5.290106534957885742e-01
5.521613359451293945e-01
5.719493031501770020e-01
5.882490277290344238e-01
6.009350419044494629e-01
6.099237799644470215e-01
6.151413321495056152e-01
6.165452599525451660e-01
6.141105890274047852e-01
6.078525781631469727e-01
5.977928042411804199e-01
5.840025544166564941e-01
5.665541291236877441e-01
5.455694794654846191e-01
5.211857557296752930e-01
4.935606122016906738e-01
4.628702700138092041e-01
4.293373823165893555e-01
3.931674659252166748e-01
3.546158671379089355e-01
3.139416575431823730e-01
2.714106738567352295e-01
2.273102998733520508e-01
1.819320619106292725e-01
1.355728507041931152e-01
8.853256702423095703e-02
4.111772775650024414e-02
-6.372213363647460938e-03
-5.363428592681884766e-02
-1.003917455673217773e-01
-1.463466882705688477e-01
-1.912289261817932129e-01
-2.347661852836608887e-01
-2.767274379730224609e-01
-3.168600201606750488e-01
-3.549464344978332520e-01
-3.907873034477233887e-01
-4.241753220558166504e-01
-4.549452662467956543e-01
-4.829362034797668457e-01
-5.080052018165588379e-01
-5.300205349922180176e-01
-5.488705039024353027e-01
-5.644631981849670410e-01
-5.767113566398620605e-01
-5.855390429496765137e-01
-5.908984541893005371e-01
-5.927414298057556152e-01
1.436579227447509766e-02
6.624007225036621094e-02
1.175698041915893555e-01
1.680925786495208740e-01
2.175487577915191650e-01
2.656798362731933594e-01
3.122167885303497314e-01
3.569038808345794678e-01
3.994858264923095703e-01
4.397054314613342285e-01
4.773284792900085449e-01
5.121141672134399414e-01
5.438496470451354980e-01
5.723241567611694336e-01
5.973513126373291016e-01
6.187632679939270020e-01
6.363959312438964844e-01
6.501432061195373535e-01
6.598806381225585938e-01
6.655524969100952148e-01
6.670792698860168457e-01
6.644711494445800781e-01
6.577007770538330078e-01
6.468199491500854492e-01
6.318890452384948730e-01
6.130006313323974609e-01
5.902668833732604980e-01
5.638380646705627441e-01
5.338900685310363770e-01
5.006309747695922852e-01
4.642707109451293945e-01
4.250657558441162109e-01
3.832713663578033447e-01
3.391785919666290283e-01
2.930814623832702637e-01
2.452864944934844971e-01
1.961171925067901611e-01
1.458895206451416016e-01
9.495061635971069336e-02
4.361230134963989258e-02
-7.787048816680908203e-03
-5.893433094024658203e-02
-1.095045804977416992e-01
-1.591851711273193359e-01
-2.076886296272277832e-01
-2.547336220741271973e-01
-3.000345826148986816e-01
-3.433424830436706543e-01
-3.844333291053771973e-01
-4.230735898017883301e-01
-4.590529799461364746e-01
-4.921988844871520996e-01
-5.223358273506164551e-01
-5.493182539939880371e-01
-5.730059742927551270e-01
-5.932791829109191895e-01
-6.100413203239440918e-01
-6.231959462165832520e-01
-6.326891779899597168e-01
-6.384577155113220215e-01
-6.404343247413635254e-01
1.828420162200927734e-02
7.395863533020019531e-02
1.290703415870666504e-01
1.833561658859252930e-01
2.365298867225646973e-01
2.883122265338897705e-01
3.384119570255279541e-01
3.865523934364318848e-01
4.324511289596557617e-01
4.758290946483612061e-01
5.164269208908081055e-01
5.539958477020263672e-01
5.882784724235534668e-01
6.190652251243591309e-01
6.461422443389892578e-01
6.693155169486999512e-01
6.884214878082275391e-01
7.033206820487976074e-01
7.139027118682861328e-01
7.200751900672912598e-01
7.217724323272705078e-01
7.189699411392211914e-01
7.116739749908447266e-01
6.999117136001586914e-01
6.837534308433532715e-01
6.632938385009765625e-01
6.386625170707702637e-01
6.100316047668457031e-01
5.775692462921142578e-01
5.415117740631103516e-01
5.020952820777893066e-01
4.595790207386016846e-01
4.142662286758422852e-01
3.664619326591491699e-01
3.164850473403930664e-01
2.646756172180175781e-01
2.113856673240661621e-01
1.569697558879852295e-01
1.017904877662658691e-01
4.619234800338745117e-02
-9.450972080230712891e-03
-6.478720903396606445e-02
-1.194913387298583984e-01
-1.732087135314941406e-01
-2.256205081939697266e-01
-2.764249444007873535e-01
-3.253393769264221191e-01
-3.720692992210388184e-01
-4.163877367973327637e-01
-4.580357670783996582e-01
-4.967977404594421387e-01
-5.324885249137878418e-01
-5.649313330650329590e-01
-5.939564108848571777e-01
-6.194251179695129395e-01
-6.412222981452941895e-01
-6.592369675636291504e-01
-6.733735203742980957e-01
-6.835724711418151855e-01
-6.897668242454528809e-01
-6.919065117835998535e-01
2.248042821884155273e-02
8.221709728240966797e-02
1.414001584053039551e-01
1.997275352478027344e-01
2.569067478179931641e-01
3.126181662082672119e-01
3.665660321712493896e-01
4.184340536594390869e-01
4.679161310195922852e-01
5.147176980972290039e-01
5.585538148880004883e-01
5.991351008415222168e-01
6.362056732177734375e-01
6.695064902305603027e-01
6.988202333450317383e-01
7.239279747009277344e-01
7.446482181549072266e-01
7.608279585838317871e-01
7.723319530487060547e-01
7.790650725364685059e-01
7.809558510780334473e-01
7.779697179794311523e-01
7.701037526130676270e-01
7.574008107185363770e-01
7.399156093597412109e-01
7.177693843841552734e-01
6.910932660102844238e-01
6.600641608238220215e-01
6.248787045478820801e-01
5.857811570167541504e-01
5.430328845977783203e-01
4.969356060028076172e-01
4.477894306182861328e-01
3.959419727325439453e-01
3.417616486549377441e-01
2.855890989303588867e-01
2.278233766555786133e-01
1.688545644283294678e-01
1.090716719627380371e-01
4.885506629943847656e-02
-1.138848066329956055e-02
-7.127678394317626953e-02
-1.304384469985961914e-01
-1.885166764259338379e-01
-2.451551556587219238e-01
-3.000309467315673828e-01
-3.528282046318054199e-01
-4.032455086708068848e-01
-4.510281682014465332e-01
-4.959023594856262207e-01
-5.376567244529724121e-01
-5.760734677314758301e-01
-6.109725832939147949e-01
-6.421814560890197754e-01
-6.695633530616760254e-01
-6.929780840873718262e-01
-7.123263478279113770e-01
-7.275233864784240723e-01
-7.384739518165588379e-01
-7.451326251029968262e-01
-7.474562525749206543e-01
2.692085504531860352e-02
9.101837873458862305e-02
1.545637845993041992e-01
2.172470390796661377e-01
2.787309288978576660e-01
3.386962711811065674e-01
3.967950046062469482e-01
4.526976644992828369e-01
5.060669183731079102e-01
5.565873980522155762e-01
6.039301156997680664e-01
6.477972865104675293e-01
6.878967881202697754e-01
7.239426970481872559e-01
7.556980252265930176e-01
7.829260826110839844e-01
8.054238557815551758e-01
8.230064511299133301e-01
8.355352878570556641e-01
8.429002761840820312e-01
8.450171947479248047e-01
8.418512940406799316e-01
8.333907127380371094e-01
8.196723461151123047e-01
8.007664680480957031e-01
7.767941355705261230e-01
7.478989362716674805e-01
7.142684459686279297e-01
6.761236190795898438e-01
6.337285041809082031e-01
5.873620510101318359e-01
5.373588204383850098e-01
4.840483069419860840e-01
4.278114736080169678e-01
3.690374791622161865e-01
3.081280589103698730e-01
2.455009520053863525e-01
1.815799772739410400e-01
1.167888045310974121e-01
5.157303810119628906e-02
-1.365512609481811523e-02
-7.847183942794799805e-02
-1.424742937088012695e-01
-2.052595019340515137e-01
-2.664607167243957520e-01
-3.257228732109069824e-01
-3.826977610588073730e-01
-4.370774626731872559e-01
-4.885769486427307129e-01
-5.369225144386291504e-01
-5.818796753883361816e-01
-6.232122778892517090e-01
-6.607373356819152832e-01
-6.942806839942932129e-01
-7.236910462379455566e-01
-7.488436102867126465e-01
-7.696145176887512207e-01
-7.859322428703308105e-01
-7.976904511451721191e-01
-8.048539757728576660e-01
-8.073802590370178223e-01
3.159129619598388672e-02
1.003541946411132812e-01
1.685933768749237061e-01
2.359578311443328857e-01
3.020961582660675049e-01
3.666350245475769043e-01
4.292251467704772949e-01
4.894952774047851562e-01
5.470778346061706543e-01
6.016256213188171387e-01
6.527931690216064453e-01
7.002304792404174805e-01
7.436311244964599609e-01
7.826790809631347656e-01
8.171125650405883789e-01
8.466636538505554199e-01
8.711076378822326660e-01
8.902444839477539062e-01
9.039153456687927246e-01
9.119919538497924805e-01
9.143773317337036133e-01
9.110342860221862793e-01
9.019452333450317383e-01
8.871439099311828613e-01
8.667055368423461914e-01
8.407618999481201172e-01
8.094589710235595703e-01
7.730023264884948730e-01
7.316389679908752441e-01
6.856495141983032227e-01
6.353558897972106934e-01
5.810988545417785645e-01
5.232585072517395020e-01
4.622413516044616699e-01
3.984726071357727051e-01
3.324023485183715820e-01
2.644822299480438232e-01
1.951766610145568848e-01
1.249687075614929199e-01
5.431228876113891602e-02
-1.631218194961547852e-02
-8.646845817565917969e-02
-1.557047367095947266e-01
-2.235841751098632812e-01
-2.897096276283264160e-01
-3.536919355392456055e-01
-4.151703715324401855e-01
-4.738059639930725098e-01
-5.292963385581970215e-01
-5.813582539558410645e-01
-6.297301650047302246e-01
-6.741779446601867676e-01
-7.145093083381652832e-01
-7.505477070808410645e-01
-7.821217179298400879e-01
-8.091117739677429199e-01
-8.314000964164733887e-01
-8.489016890525817871e-01
-8.615407347679138184e-01
-8.692453503608703613e-01
-8.719885945320129395e-01
3.642421960830688477e-02
1.102046966552734375e-01
1.834865808486938477e-01
2.559003233909606934e-01
3.270410001277923584e-01
3.965387046337127686e-01
4.639889895915985107e-01
5.289874672889709473e-01
5.911412239074707031e-01
6.500681638717651367e-01
7.053927779197692871e-01
7.567253708839416504e-01
8.037331700325012207e-01
8.460685014724731445e-01
8.834298849105834961e-01
9.155280590057373047e-01
9.421197175979614258e-01
9.629722833633422852e-01
9.779081344604492188e-01
9.867801666259765625e-01
9.894890785217285156e-01
9.859768748283386230e-01
9.762145280838012695e-01
9.602596163749694824e-01
9.381680488586425781e-01
9.100860357284545898e-01
8.761693835258483887e-01
8.366478681564331055e-01
7.917875051498413086e-01
7.418919801712036133e-01
6.873112916946411133e-01
6.284212470054626465e-01
5.656430721282958984e-01
4.994160532951354980e-01
4.302195012569427490e-01
3.585276603698730469e-01
2.848521173000335693e-01
2.097014188766479492e-01
1.335879564285278320e-01
5.703788995742797852e-02
-1.945942640304565430e-02
-9.539270401000976562e-02
-1.702763438224792480e-01
-2.436616420745849609e-01
-3.150979876518249512e-01
-3.841645121574401855e-01
-4.504818320274353027e-01
-5.136858820915222168e-01
-5.734526515007019043e-01
-6.294891238212585449e-01
-6.814989447593688965e-01
-7.292767167091369629e-01
-7.725985646247863770e-01
-8.112682700157165527e-01
-8.451464772224426270e-01
-8.740912079811096191e-01
-8.979937434196472168e-01
-9.167694449424743652e-01
-9.303236603736877441e-01
-9.386208653450012207e-01
-9.416081309318542480e-01
