-2.673931792378425598e-02
-3.018424287438392639e-02
-3.365756943821907043e-02
-3.715122118592262268e-02
-4.065643250942230225e-02
-4.416436702013015747e-02
-4.766534641385078430e-02
-5.115051940083503723e-02
-5.460968241095542908e-02
-5.803330242633819580e-02
-6.141188740730285645e-02
-6.473611295223236084e-02
-6.799697875976562500e-02
-7.118596136569976807e-02
-7.429553568363189697e-02
-7.731819152832031250e-02
-8.024850487709045410e-02
-8.308117091655731201e-02
-8.581245690584182739e-02
-8.844034373760223389e-02
-9.096348285675048828e-02
-9.338299930095672607e-02
-9.570071101188659668e-02
-9.792070090770721436e-02
-1.000479310750961304e-01
-1.020893752574920654e-01
-1.040534079074859619e-01
-1.059493869543075562e-01
-1.077879518270492554e-01
-1.095814108848571777e-01
-1.113413274288177490e-01
-1.130810528993606567e-01
-1.148137450218200684e-01
-1.165531128644943237e-01
-1.183120906352996826e-01
-1.201033294200897217e-01
-1.219394803047180176e-01
-1.238314807415008545e-01
-1.257899850606918335e-01
-1.278242915868759155e-01
-1.299423128366470337e-01
-1.321506798267364502e-01
-1.344545483589172363e-01
-1.368577033281326294e-01
-1.393626034259796143e-01
-1.419699788093566895e-01
-1.446794122457504272e-01
-1.474888771772384644e-01
-1.503957659006118774e-01
-1.533959358930587769e-01
-1.564841866493225098e-01
-1.596551537513732910e-01
-1.629019081592559814e-01
-1.662177294492721558e-01
-1.695952862501144409e-01
-1.730270236730575562e-01
-1.765045374631881714e-01
-1.800207942724227905e-01
-1.835673302412033081e-01
-1.871369779109954834e-01
-1.907218843698501587e-01
-2.409449592232704163e-02
-2.749339118599891663e-02
-3.092330321669578552e-02
-3.437640145421028137e-02
-3.784403577446937561e-02
-4.131728038191795349e-02
-4.478675127029418945e-02
-4.824318736791610718e-02
-5.167667567729949951e-02
-5.507791042327880859e-02
-5.843694135546684265e-02
-6.174448132514953613e-02
-6.499139964580535889e-02
-6.816950440406799316e-02
-7.127055525779724121e-02
-7.428734749555587769e-02
-7.721420377492904663e-02
-8.004587888717651367e-02
-8.277851343154907227e-02
-8.541004359722137451e-02
-8.793942630290985107e-02
-9.036748111248016357e-02
-9.269620478153228760e-02
-9.493003785610198975e-02
-9.707447886466979980e-02
-9.913618862628936768e-02
-1.011239588260650635e-01
-1.030481010675430298e-01
-1.049195379018783569e-01
-1.067500561475753784e-01
-1.085527688264846802e-01
-1.103409379720687866e-01
-1.121280491352081299e-01
-1.139281243085861206e-01
-1.157540231943130493e-01
-1.176191717386245728e-01
-1.195352971553802490e-01
-1.215135604143142700e-01
-1.235643178224563599e-01
-1.256961077451705933e-01
-1.279165446758270264e-01
-1.302313506603240967e-01
-1.326452046632766724e-01
-1.351605951786041260e-01
-1.377787888050079346e-01
-1.404999345541000366e-01
-1.433225423097610474e-01
-1.462435126304626465e-01
-1.492588520050048828e-01
-1.523636281490325928e-01
-1.555518656969070435e-01
-1.588169485330581665e-01
-1.621519774198532104e-01
-1.655488461256027222e-01
-1.689999550580978394e-01
-1.724972575902938843e-01
-1.760324388742446899e-01
-1.795978099107742310e-01
-1.831852346658706665e-01
-1.867869347333908081e-01
-1.903956979513168335e-01
-2.138552442193031311e-02
-2.473596110939979553e-02
-2.811979129910469055e-02
-3.152946010231971741e-02
-3.495641425251960754e-02
-3.839210048317909241e-02
-4.182703420519828796e-02
-4.525164887309074402e-02
-4.865682497620582581e-02
-5.203239992260932922e-02
-5.536910146474838257e-02
-5.865728110074996948e-02
-6.188778951764106750e-02
-6.505225598812103271e-02
-6.814235448837280273e-02
-7.115101069211959839e-02
-7.407238334417343140e-02
-7.690100371837615967e-02
-7.963331788778305054e-02
-8.226682245731353760e-02
-8.480085432529449463e-02
-8.723591268062591553e-02
-8.957479894161224365e-02
-9.182158112525939941e-02
-9.398186206817626953e-02
-9.606350958347320557e-02
-9.807504713535308838e-02
-1.000271886587142944e-01
-1.019310504198074341e-01
-1.037993729114532471e-01
-1.056455820798873901e-01
-1.074830144643783569e-01
-1.093261688947677612e-01
-1.111883521080017090e-01
-1.130832731723785400e-01
-1.150240600109100342e-01
-1.170223206281661987e-01
-1.190894693136215210e-01
-1.212347745895385742e-01
-1.234667748212814331e-01
-1.257921606302261353e-01
-1.282162070274353027e-01
-1.307421326637268066e-01
-1.333717405796051025e-01
-1.361055970191955566e-01
-1.389420479536056519e-01
-1.418791115283966064e-01
-1.449120342731475830e-01
-1.480362862348556519e-01
-1.512455046176910400e-01
-1.545333415269851685e-01
-1.578919738531112671e-01
-1.613136082887649536e-01
-1.647899895906448364e-01
-1.683129221200942993e-01
-1.718736737966537476e-01
-1.754641979932785034e-01
-1.790760904550552368e-01
-1.827014535665512085e-01
-1.863328665494918823e-01
-1.899626702070236206e-01
-1.861526444554328918e-02
-2.191400155425071716e-02
-2.524900808930397034e-02
-2.861230447888374329e-02
-3.199613466858863831e-02
-3.539111837744712830e-02
-3.878831490874290466e-02
-4.217876866459846497e-02
-4.555247724056243896e-02
-4.889993742108345032e-02
-5.221158638596534729e-02
-5.547745898365974426e-02
-5.868910998106002808e-02
-6.183746457099914551e-02
-6.491442769765853882e-02
-6.791284680366516113e-02
-7.082661986351013184e-02
-7.365033030509948730e-02
-7.638043910264968872e-02
-7.901427894830703735e-02
-8.155146986246109009e-02
-8.399259299039840698e-02
-8.634036779403686523e-02
-8.859921991825103760e-02
-9.077499806880950928e-02
-9.287598729133605957e-02
-9.491102397441864014e-02
-9.689122438430786133e-02
-9.882806241512298584e-02
-1.007351130247116089e-01
-1.026254743337631226e-01
-1.045136302709579468e-01
-1.064137965440750122e-01
-1.083400398492813110e-01
-1.103059947490692139e-01
-1.123243719339370728e-01
-1.144074052572250366e-01
-1.165655404329299927e-01
-1.188084632158279419e-01
-1.211433261632919312e-01
-1.235763281583786011e-01
-1.261117011308670044e-01
-1.287520527839660645e-01
-1.314980685710906982e-01
-1.343491822481155396e-01
-1.373025774955749512e-01
-1.403546631336212158e-01
-1.435005813837051392e-01
-1.467338651418685913e-01
-1.500474661588668823e-01
-1.534337848424911499e-01
-1.568848490715026855e-01
-1.603917628526687622e-01
-1.639458090066909790e-01
-1.675382554531097412e-01
-1.711601614952087402e-01
-1.748032718896865845e-01
-1.784591674804687500e-01
-1.821199804544448853e-01
-1.857781112194061279e-01
-1.894264370203018188e-01
-1.578570529818534851e-02
-1.903056725859642029e-02
-2.231388911604881287e-02
-2.562857791781425476e-02
-2.896609529852867126e-02
-3.231768682599067688e-02
-3.567459806799888611e-02
-3.902770206332206726e-02
-4.236735403537750244e-02
-4.568377509713172913e-02
-4.896747320890426636e-02
-5.220877751708030701e-02
-5.539895966649055481e-02
-5.852901190519332886e-02
-6.159063801169395447e-02
-6.457653641700744629e-02
-6.748059391975402832e-02
-7.029765099287033081e-02
-7.302395999431610107e-02
-7.565677165985107422e-02
-7.819592952728271484e-02
-8.064194768667221069e-02
-8.299791812896728516e-02
-8.526839315891265869e-02
-8.745944499969482422e-02
-8.957950770854949951e-02
-9.163819253444671631e-02
-9.364652633666992188e-02
-9.561707079410552979e-02
-9.756326675415039062e-02
-9.949919581413269043e-02
-1.014394313097000122e-01
-1.033982485532760620e-01
-1.053902506828308105e-01
-1.074293106794357300e-01
-1.095280200242996216e-01
-1.116982549428939819e-01
-1.139501184225082397e-01
-1.162929534912109375e-01
-1.187334805727005005e-01
-1.212763786315917969e-01
-1.239256858825683594e-01
-1.266828626394271851e-01
-1.295472085475921631e-01
-1.325169652700424194e-01
-1.355883181095123291e-01
-1.387565881013870239e-01
-1.420154124498367310e-01
-1.453574597835540771e-01
-1.487749963998794556e-01
-1.522590368986129761e-01
-1.558009237051010132e-01
-1.593912690877914429e-01
-1.630208790302276611e-01
-1.666805148124694824e-01
-1.703612655401229858e-01
-1.740541607141494751e-01
-1.777513772249221802e-01
-1.814446002244949341e-01
-1.851267665624618530e-01
-1.887909024953842163e-01
-1.290004700422286987e-02
-1.608851924538612366e-02
-1.931785419583320618e-02
-2.258080616593360901e-02
-2.586925402283668518e-02
-2.917493507266044617e-02
-3.248888626694679260e-02
-3.580207750201225281e-02
-3.910469636321067810e-02
-4.238773509860038757e-02
-4.564099013805389404e-02
-4.885536432266235352e-02
-5.202148482203483582e-02
-5.513072386384010315e-02
-5.817481130361557007e-02
-6.114645674824714661e-02
-6.403942406177520752e-02
-6.684803217649459839e-02
-6.956881284713745117e-02
-7.219961285591125488e-02
-7.473944127559661865e-02
-7.718970626592636108e-02
-7.955329120159149170e-02
-8.183473348617553711e-02
-8.404079824686050415e-02
-8.617997169494628906e-02
-8.826248347759246826e-02
-9.029991924762725830e-02
-9.230485558509826660e-02
-9.429158270359039307e-02
-9.627422690391540527e-02
-9.826786816120147705e-02
-1.002874970436096191e-01
-1.023476123809814453e-01
-1.044619977474212646e-01
-1.066431850194931030e-01
-1.089032441377639771e-01
-1.112519204616546631e-01
-1.136972755193710327e-01
-1.162457168102264404e-01
-1.189014315605163574e-01
-1.216670572757720947e-01
-1.245429366827011108e-01
-1.275272220373153687e-01
-1.306170821189880371e-01
-1.338074505329132080e-01
-1.370920985937118530e-01
-1.404638886451721191e-01
-1.439144462347030640e-01
-1.474346816539764404e-01
-1.510151177644729614e-01
-1.546462923288345337e-01
-1.583180278539657593e-01
-1.620206981897354126e-01
-1.657449305057525635e-01
-1.694815307855606079e-01
-1.732217520475387573e-01
-1.769572645425796509e-01
-1.806804686784744263e-01
-1.843838989734649658e-01
-1.880614012479782104e-01
-9.961124509572982788e-03
-1.309061050415039062e-02
-1.626367494463920593e-02
-1.947257295250892639e-02
-2.270965650677680969e-02
-2.596658095717430115e-02
-2.923502400517463684e-02
-3.250557556748390198e-02
-3.576895967125892639e-02
-3.901577368378639221e-02
-4.223627224564552307e-02
-4.542124271392822266e-02
-4.856118559837341309e-02
-5.164748057723045349e-02
-5.467213317751884460e-02
-5.762745812535285950e-02
-6.050730869174003601e-02
-6.330631673336029053e-02
-6.602068245410919189e-02
-6.864790618419647217e-02
-7.118807733058929443e-02
-7.364149391651153564e-02
-7.601231336593627930e-02
-7.830461859703063965e-02
-8.052583038806915283e-02
-8.268471062183380127e-02
-8.479160070419311523e-02
-8.685868978500366211e-02
-8.889943361282348633e-02
-9.092774987220764160e-02
-9.295900166034698486e-02
-9.500820934772491455e-02
-9.709066152572631836e-02
-9.922082722187042236e-02
-1.014131456613540649e-01
-1.036799103021621704e-01
-1.060325354337692261e-01
-1.084803193807601929e-01
-1.110311746597290039e-01
-1.136902719736099243e-01
-1.164613515138626099e-01
-1.193453818559646606e-01
-1.223417371511459351e-01
-1.254475414752960205e-01
-1.286586821079254150e-01
-1.319685280323028564e-01
-1.353698074817657471e-01
-1.388542056083679199e-01
-1.424120962619781494e-01
-1.460338681936264038e-01
-1.497091203927993774e-01
-1.534272879362106323e-01
-1.571779996156692505e-01
-1.609512418508529663e-01
-1.647373288869857788e-01
-1.685270518064498901e-01
-1.723114401102066040e-01
-1.760824173688888550e-01
-1.798325330018997192e-01
-1.835547536611557007e-01
-1.872429400682449341e-01
-6.972093135118484497e-03
-1.004070788621902466e-02
-1.315477862954139709e-02
-1.630711928009986877e-02
-1.949065178632736206e-02
-2.269674465060234070e-02
-2.591696009039878845e-02
-2.914265915751457214e-02
-3.236421570181846619e-02
-3.557239100337028503e-02
-3.875785320997238159e-02
-4.191113263368606567e-02
-4.502281546592712402e-02
-4.808434844017028809e-02
-5.108749493956565857e-02
-5.402497202157974243e-02
-5.689033493399620056e-02
-5.967828258872032166e-02
-6.238504126667976379e-02
-6.500835716724395752e-02
-6.754766404628753662e-02
-7.000468671321868896e-02
-7.238219678401947021e-02
-7.468540966510772705e-02
-7.692216336727142334e-02
-7.910124957561492920e-02
-8.123354613780975342e-02
-8.333173394203186035e-02
-8.540929108858108521e-02
-8.748127520084381104e-02
-8.956283330917358398e-02
-9.166976809501647949e-02
-9.381724894046783447e-02
-9.602060914039611816e-02
-9.829349815845489502e-02
-1.006483584642410278e-01
-1.030964255332946777e-01
-1.056464314460754395e-01
-1.083052605390548706e-01
-1.110778599977493286e-01
-1.139661967754364014e-01
-1.169709414243698120e-01
-1.200896650552749634e-01
-1.233182549476623535e-01
-1.266511380672454834e-01
-1.300806850194931030e-01
-1.335985064506530762e-01
-1.371947079896926880e-01
-1.408592760562896729e-01
-1.445805132389068604e-01
-1.483480930328369141e-01
-1.521510630846023560e-01
-1.559780240058898926e-01
-1.598189473152160645e-01
-1.636638045310974121e-01
-1.675034761428833008e-01
-1.713290065526962280e-01
-1.751325577497482300e-01
-1.789067834615707397e-01
-1.826449185609817505e-01
-1.863410174846649170e-01
-3.935921937227249146e-03
-6.941489875316619873e-03
-9.994782507419586182e-03
-1.308878883719444275e-02
-1.621635630726814270e-02
-1.936909556388854980e-02
-2.253896370530128479e-02
-2.571759000420570374e-02
-2.889509126543998718e-02
-3.206244483590126038e-02
-3.521066904067993164e-02
-3.832992166280746460e-02
-4.141144454479217529e-02
-4.444654658436775208e-02
-4.742677509784698486e-02
-5.034478008747100830e-02
-5.319418013095855713e-02
-5.596998706459999084e-02
-5.866838619112968445e-02
-6.128704920411109924e-02
-6.382566690444946289e-02
-6.628555059432983398e-02
-6.867019832134246826e-02
-7.098502665758132935e-02
-7.323802262544631958e-02
-7.543847709894180298e-02
-7.759723812341690063e-02
-7.972805202007293701e-02
-8.184434473514556885e-02
-8.396178483963012695e-02
-8.609588444232940674e-02
-8.826303482055664062e-02
-9.047862887382507324e-02
-9.275756776332855225e-02
-9.511393308639526367e-02
-9.756001830101013184e-02
-1.001065075397491455e-01
-1.027615815401077271e-01
-1.055314093828201294e-01
-1.084198206663131714e-01
-1.114279180765151978e-01
-1.145549714565277100e-01
-1.177972555160522461e-01
-1.211494952440261841e-01
-1.246047765016555786e-01
-1.281539946794509888e-01
-1.317875683307647705e-01
-1.354945003986358643e-01
-1.392634958028793335e-01
-1.430825442075729370e-01
-1.469402462244033813e-01
-1.508248597383499146e-01
-1.547251045703887939e-01
-1.586305946111679077e-01
-1.625311225652694702e-01
-1.664172857999801636e-01
-1.702807396650314331e-01
-1.741135716438293457e-01
-1.779088526964187622e-01
-1.816603392362594604e-01
-1.853623390197753906e-01
-8.560754358768463135e-04
-3.797035664319992065e-03
-6.787545979022979736e-03
-9.821262210607528687e-03
-1.289059594273567200e-02
-1.598823815584182739e-02
-1.910587400197982788e-02
-2.223477512598037720e-02
-2.536621317267417908e-02
-2.849107608199119568e-02
-3.159968927502632141e-02
-3.468370810151100159e-02
-3.773309662938117981e-02
-4.073988273739814758e-02
-4.369569197297096252e-02
-4.659300670027732849e-02
-4.942577704787254333e-02
-5.218881741166114807e-02
-5.487812310457229614e-02
-5.749154090881347656e-02
-6.002925336360931396e-02
-6.249243766069412231e-02
-6.488476693630218506e-02
-6.721203029155731201e-02
-6.948220729827880859e-02
-7.170499861240386963e-02
-7.389223575592041016e-02
-7.605729997158050537e-02
-7.821466028690338135e-02
-8.037988841533660889e-02
-8.256955444812774658e-02
-8.479942381381988525e-02
-8.708587288856506348e-02
-8.944374322891235352e-02
-9.188681840896606445e-02
-9.442743659019470215e-02
-9.707525372505187988e-02
-9.983840584754943848e-02
-1.027218997478485107e-01
-1.057283729314804077e-01
-1.088583916425704956e-01
-1.121092587709426880e-01
-1.154763847589492798e-01
-1.189528703689575195e-01
-1.225303560495376587e-01
-1.261987835168838501e-01
-1.299467682838439941e-01
-1.337625235319137573e-01
-1.376339346170425415e-01
-1.415481716394424438e-01
-1.454930305480957031e-01
-1.494562625885009766e-01
-1.534265428781509399e-01
-1.573929637670516968e-01
-1.613453179597854614e-01
-1.652749478816986084e-01
-1.691729873418807983e-01
-1.730320602655410767e-01
-1.768455654382705688e-01
-1.806075572967529297e-01
-1.843128353357315063e-01
2.263702452182769775e-03
-6.111338734626770020e-04
-3.537233918905258179e-03
-6.508626043796539307e-03
-9.518284350633621216e-03
-1.255870237946510315e-02
-1.562202721834182739e-02
-1.869965344667434692e-02
-2.178310230374336243e-02
-2.486340329051017761e-02
-2.793109789490699768e-02
-3.097764030098915100e-02
-3.399367257952690125e-02
-3.697068244218826294e-02
-3.990061953663825989e-02
-4.277652502059936523e-02
-4.559168219566345215e-02
-4.834102094173431396e-02
-5.102100223302841187e-02
-5.362954735755920410e-02
-5.616653338074684143e-02
-5.863345414400100708e-02
-6.103417277336120605e-02
-6.337518990039825439e-02
-6.566406786441802979e-02
-6.791126728057861328e-02
-7.012884318828582764e-02
-7.233045995235443115e-02
-7.453131675720214844e-02
-7.674741744995117188e-02
-7.899528741836547852e-02
-8.129139989614486694e-02
-8.365197479724884033e-02
-8.609189093112945557e-02
-8.862508833408355713e-02
-9.126311540603637695e-02
-9.401571750640869141e-02
-9.688979387283325195e-02
-9.988956153392791748e-02
-1.030167788267135620e-01
-1.062701791524887085e-01
-1.096463054418563843e-01
-1.131388992071151733e-01
-1.167397052049636841e-01
-1.204388290643692017e-01
-1.242251694202423096e-01
-1.280861496925354004e-01
-1.320088803768157959e-01
-1.359798163175582886e-01
-1.399860829114913940e-01
-1.440145522356033325e-01
-1.480529308319091797e-01
-1.520892828702926636e-01
-1.561129242181777954e-01
-1.601137965917587280e-01
-1.640830338001251221e-01
-1.680121272802352905e-01
-1.718943417072296143e-01
-1.757231205701828003e-01
-1.794929653406143188e-01
-1.831990927457809448e-01
5.419619381427764893e-03
2.612829208374023438e-03
-2.475827932357788086e-04
-3.155276179313659668e-03
-6.103605031967163086e-03
-9.085323661565780640e-03
-1.209259405732154846e-02
-1.511738449335098267e-02
-1.815109327435493469e-02
-2.118511125445365906e-02
-2.421049773693084717e-02
-2.721800282597541809e-02
-3.019929677248001099e-02
-3.314546123147010803e-02
-3.604883328080177307e-02
-3.890204057097434998e-02
-4.169891774654388428e-02
-4.443465545773506165e-02
-4.710521176457405090e-02
-4.970914870500564575e-02
-5.224583297967910767e-02
-5.471770092844963074e-02
-5.712839215993881226e-02
-5.948424711823463440e-02
-6.179358810186386108e-02
-6.406739354133605957e-02
-6.631778180599212646e-02
-6.855891644954681396e-02
-7.080607116222381592e-02
-7.307608425617218018e-02
-7.538557797670364380e-02
-7.775122672319412231e-02
-8.018951117992401123e-02
-8.271534740924835205e-02
-8.534231781959533691e-02
-8.808138966560363770e-02
-9.094172716140747070e-02
-9.392958879470825195e-02
-9.704817831516265869e-02
-1.002978980541229248e-01
-1.036764085292816162e-01
-1.071786135435104370e-01
-1.107968688011169434e-01
-1.145216524600982666e-01
-1.183416247367858887e-01
-1.222442090511322021e-01
-1.262158304452896118e-01
-1.302425712347030640e-01
-1.343100965023040771e-01
-1.384047418832778931e-01
-1.425132602453231812e-01
-1.466226279735565186e-01
-1.507210880517959595e-01
-1.547980159521102905e-01
-1.588431745767593384e-01
-1.628480851650238037e-01
-1.668049246072769165e-01
-1.707066595554351807e-01
-1.745477616786956787e-01
-1.783227473497390747e-01
-1.820276826620101929e-01
8.608330041170120239e-03
5.870126187801361084e-03
3.076795488595962524e-03
2.340562641620635986e-04
-2.651497721672058105e-03
-5.572937428951263428e-03
-8.522842079401016235e-03
-1.149325817823410034e-02
-1.447595655918121338e-02
-1.746245101094245911e-02
-2.044381573796272278e-02
-2.341151610016822815e-02
-2.635651454329490662e-02
-2.927082777023315430e-02
-3.214700147509574890e-02
-3.497726470232009888e-02
-3.775580227375030518e-02
-4.047773405909538269e-02
-4.313931986689567566e-02
-4.573901742696762085e-02
-4.827664792537689209e-02
-5.075432360172271729e-02
-5.317652598023414612e-02
-5.554933473467826843e-02
-5.788164213299751282e-02
-6.018450856208801270e-02
-6.247058138251304626e-02
-6.475409865379333496e-02
-6.705127656459808350e-02
-6.937871873378753662e-02
-7.175362110137939453e-02
-7.419280707836151123e-02
-7.671260833740234375e-02
-7.932806015014648438e-02
-8.205220103263854980e-02
-8.489593118429183960e-02
-8.786739408969879150e-02
-9.097169339656829834e-02
-9.421139955520629883e-02
-9.758548438549041748e-02
-1.010901927947998047e-01
-1.047191321849822998e-01
-1.084627062082290649e-01
-1.123105734586715698e-01
-1.162497252225875854e-01
-1.202663928270339966e-01
-1.243458390235900879e-01
-1.284730732440948486e-01
-1.326334625482559204e-01
-1.368126273155212402e-01
-1.409965157508850098e-01
-1.451727151870727539e-01
-1.493288427591323853e-01
-1.534544974565505981e-01
-1.575399786233901978e-01
-1.615767329931259155e-01
-1.655574142932891846e-01
-1.694755107164382935e-01
-1.733259856700897217e-01
-1.771036535501480103e-01
-1.808048039674758911e-01
1.182604581117630005e-02
9.157299995422363281e-03
6.431888788938522339e-03
3.655161708593368530e-03
8.333399891853332520e-04
-2.026855945587158203e-03
-4.918143153190612793e-03
-7.833164185285568237e-03
-1.076355203986167908e-02
-1.370129361748695374e-02
-1.663757860660552979e-02
-1.956442371010780334e-02
-2.247267216444015503e-02
-2.535491436719894409e-02
-2.820285782217979431e-02
-3.100988641381263733e-02
-3.376997262239456177e-02
-3.647842258214950562e-02
-3.913164138793945312e-02
-4.172812402248382568e-02
-4.426796734333038330e-02
-4.675323888659477234e-02
-4.918876290321350098e-02
-5.158096551895141602e-02
-5.393885076045989990e-02
-5.627379938960075378e-02
-5.859874188899993896e-02
-6.092856824398040771e-02
-6.327944993972778320e-02
-6.566843390464782715e-02
-6.811272352933883667e-02
-7.062958925962448120e-02
-7.323513925075531006e-02
-7.594428211450576782e-02
-7.876946032047271729e-02
-8.172126114368438721e-02
-8.480681478977203369e-02
-8.803053200244903564e-02
-9.139338135719299316e-02
-9.489335119724273682e-02
-9.852489829063415527e-02
-1.022803038358688354e-01
-1.061488240957260132e-01
-1.101181656122207642e-01
-1.141742169857025146e-01
-1.183019131422042847e-01
-1.224856525659561157e-01
-1.267096549272537231e-01
-1.309585273265838623e-01
-1.352173388004302979e-01
-1.394721716642379761e-01
-1.437100619077682495e-01
-1.479193121194839478e-01
-1.520890742540359497e-01
-1.562104076147079468e-01
-1.602749377489089966e-01
-1.642756760120391846e-01
-1.682069748640060425e-01
-1.720635443925857544e-01
-1.758413463830947876e-01
-1.795367151498794556e-01
1.506831869482994080e-02
1.246970146894454956e-02
9.812932461500167847e-03
7.102865725755691528e-03
4.345651715993881226e-03
1.547645777463912964e-03
-1.284353435039520264e-03
-4.142899066209793091e-03
-7.019862532615661621e-03
-9.908072650432586670e-03
-1.279887929558753967e-02
-1.568377763032913208e-02
-1.855485886335372925e-02
-2.140412107110023499e-02
-2.422400563955307007e-02
-2.700799703598022461e-02
-2.975003793835639954e-02
-3.244547173380851746e-02
-3.509118780493736267e-02
-3.768577799201011658e-02
-4.022951424121856689e-02
-4.272433370351791382e-02
-4.517551511526107788e-02
-4.759000241756439209e-02
-4.997660592198371887e-02
-5.234715342521667480e-02
-5.471488833427429199e-02
-5.709470808506011963e-02
-5.950354039669036865e-02
-6.195846572518348694e-02
-6.447671353816986084e-02
-6.707571446895599365e-02
-6.977143883705139160e-02
-7.257811725139617920e-02
-7.550840079784393311e-02
-7.857178151607513428e-02
-8.177451789379119873e-02
-8.511994779109954834e-02
-8.860793709754943848e-02
-9.223456680774688721e-02
-9.599348902702331543e-02
-9.987491369247436523e-02
-1.038668602705001831e-01
-1.079555451869964600e-01
-1.121254265308380127e-01
-1.163606047630310059e-01
-1.206446141004562378e-01
-1.249606311321258545e-01
-1.292930692434310913e-01
-1.336264312267303467e-01
-1.379468142986297607e-01
-1.422412991523742676e-01
-1.464983373880386353e-01
-1.507075726985931396e-01
-1.548600643873214722e-01
-1.589481383562088013e-01
-1.629652827978134155e-01
-1.669061779975891113e-01
-1.707660704851150513e-01
-1.745413392782211304e-01
-1.782289296388626099e-01
1.833158358931541443e-02
1.580324396491050720e-02
1.321540772914886475e-02
1.057255268096923828e-02
7.880341261625289917e-03
5.145169794559478760e-03
2.373117953538894653e-03
-4.281736910343170166e-04
-3.251608461141586304e-03
-6.089691072702407837e-03
-8.933939039707183838e-03
-1.177698373794555664e-02
-1.461042463779449463e-02
-1.742658764123916626e-02
-2.021863684058189392e-02
-2.297950163483619690e-02
-2.570419013500213623e-02
-2.838766574859619141e-02
-3.102742508053779602e-02
-3.362157195806503296e-02
-3.617094457149505615e-02
-3.867798671126365662e-02
-4.114787653088569641e-02
-4.358742013573646545e-02
-4.600642621517181396e-02
-4.841628298163414001e-02
-5.083080753684043884e-02
-5.326552316546440125e-02
-5.573677644133567810e-02
-5.826218426227569580e-02
-6.085924804210662842e-02
-6.354497373104095459e-02
-6.633530557155609131e-02
-6.924445927143096924e-02
-7.228358089923858643e-02
-7.546192407608032227e-02
-7.878488302230834961e-02
-8.225414901971817017e-02
-8.586838841438293457e-02
-8.962251245975494385e-02
-9.350830316543579102e-02
-9.751445055007934570e-02
-1.016276329755783081e-01
-1.058328300714492798e-01
-1.101131439208984375e-01
-1.144514977931976318e-01
-1.188307255506515503e-01
-1.232337057590484619e-01
-1.276440024375915527e-01
-1.320464462041854858e-01
-1.364267468452453613e-01
-1.407723724842071533e-01
-1.450716108083724976e-01
-1.493151634931564331e-01
-1.534942537546157837e-01
-1.576015204191207886e-01
-1.616311669349670410e-01
-1.655782014131546021e-01
-1.694385260343551636e-01
-1.732087284326553345e-01
-1.768865585327148438e-01
2.161159366369247437e-02
1.915365085005760193e-02
1.663464307785034180e-02
1.405920088291168213e-02
1.143244653940200806e-02
8.760064840316772461e-03
6.048575043678283691e-03
3.304697573184967041e-03
5.351454019546508789e-04
-2.252414822578430176e-03
-5.050189793109893799e-03
-7.850974798202514648e-03
-1.064685359597206116e-02
-1.343043893575668335e-02
-1.619458198547363281e-02
-1.893374696373939514e-02
-2.164155244827270508e-02
-2.431442216038703918e-02
-2.694928273558616638e-02
-2.954518795013427734e-02
-3.210260719060897827e-02
-3.462476283311843872e-02
-3.711607679724693298e-02
-3.958455100655555725e-02
-4.203962534666061401e-02
-4.449301213026046753e-02
-4.695914685726165771e-02
-4.945310577750205994e-02
-5.199198052287101746e-02
-5.459304526448249817e-02
-5.727387592196464539e-02
-6.005138903856277466e-02
-6.294105947017669678e-02
-6.595654785633087158e-02
-6.910865008831024170e-02
-7.240533083677291870e-02
-7.585093379020690918e-02
-7.944616675376892090e-02
-8.318774402141571045e-02
-8.706921339035034180e-02
-9.108093380928039551e-02
-9.520995616912841797e-02
-9.944184124469757080e-02
-1.037595868110656738e-01
-1.081459224224090576e-01
-1.125825941562652588e-01
-1.170516312122344971e-01
-1.215353906154632568e-01
-1.260176897048950195e-01
-1.304828524589538574e-01
-1.349169164896011353e-01
-1.393076330423355103e-01
-1.436439156532287598e-01
-1.479164212942123413e-01
-1.521171182394027710e-01
-1.562391966581344604e-01
-1.602774113416671753e-01
-1.642272323369979858e-01
-1.680849641561508179e-01
-1.718480139970779419e-01
-1.755141913890838623e-01
2.490440011024475098e-02
2.251683548092842102e-02
2.006645500659942627e-02
1.755800470709800720e-02
1.499646902084350586e-02
1.238719373941421509e-02
9.736005216836929321e-03
7.049381732940673828e-03
4.334062337875366211e-03
1.596815884113311768e-03
-1.154642552137374878e-03
-3.913484513759613037e-03
-6.671838462352752686e-03
-9.423092007637023926e-03
-1.216060295701026917e-02
-1.487836986780166626e-02
-1.757078245282173157e-02
-2.023446932435035706e-02
-2.286671102046966553e-02
-2.546637132763862610e-02
-2.803472056984901428e-02
-3.057448938488960266e-02
-3.309129551053047180e-02
-3.559228032827377319e-02
-3.808773681521415710e-02
-4.058962687849998474e-02
-4.311194643378257751e-02
-4.567048326134681702e-02
-4.828198626637458801e-02
-5.096404254436492920e-02
-5.373388901352882385e-02
-5.660824850201606750e-02
-5.960202962160110474e-02
-6.272836029529571533e-02
-6.599727272987365723e-02
-6.941534578800201416e-02
-7.298583537340164185e-02
-7.670818269252777100e-02
-8.057753741741180420e-02
-8.458583056926727295e-02
-8.872182667255401611e-02
-9.297123551368713379e-02
-9.731800854206085205e-02
-1.017442643642425537e-01
-1.062312722206115723e-01
-1.107604056596755981e-01
-1.153130531311035156e-01
-1.198713481426239014e-01
-1.244189143180847168e-01
-1.289400905370712280e-01
-1.334216892719268799e-01
-1.378512531518936157e-01
-1.422185152769088745e-01
-1.465146988630294800e-01
-1.507319957017898560e-01
-1.548647135496139526e-01
-1.589075773954391479e-01
-1.628566831350326538e-01
-1.667092889547348022e-01
-1.704627126455307007e-01
-1.741152554750442505e-01
2.820603922009468079e-02
2.588776871562004089e-02
2.350572496652603149e-02
2.106389403343200684e-02
1.856718212366104126e-02
1.602049916982650757e-02
1.342938467860221863e-02
1.079991459846496582e-02
8.138291537761688232e-03
5.451247096061706543e-03
2.745665609836578369e-03
2.850592136383056641e-05
-2.693317830562591553e-03
-5.413156002759933472e-03
-8.124608546495437622e-03
-1.082207635045051575e-02
-1.350085437297821045e-02
-1.615725085139274597e-02
-1.878875121474266052e-02
-2.139502391219139099e-02
-2.397697046399116516e-02
-2.653803303837776184e-02
-2.908372879028320312e-02
-3.162173181772232056e-02
-3.416218981146812439e-02
-3.671721369028091431e-02
-3.930104896426200867e-02
-4.192944243550300598e-02
-4.461915418505668640e-02
-4.738766700029373169e-02
-5.025190860033035278e-02
-5.322821810841560364e-02
-5.633095279335975647e-02
-5.957227572798728943e-02
-6.296135485172271729e-02
-6.650376319885253906e-02
-7.020114362239837646e-02
-7.405135035514831543e-02
-7.804831862449645996e-02
-8.218227326869964600e-02
-8.644023537635803223e-02
-9.080663323402404785e-02
-9.526394307613372803e-02
-9.979318082332611084e-02
-1.043753027915954590e-01
-1.089903414249420166e-01
-1.136198192834854126e-01
-1.182455271482467651e-01
-1.228511333465576172e-01
-1.274216026067733765e-01
-1.319437921047210693e-01
-1.364058554172515869e-01
-1.407980769872665405e-01
-1.451122313737869263e-01
-1.493413448333740234e-01
-1.534800678491592407e-01
-1.575237661600112915e-01
-1.614691764116287231e-01
-1.653137356042861938e-01
-1.690553873777389526e-01
-1.726927310228347778e-01
3.151267766952514648e-02
2.926283329725265503e-02
2.694806084036827087e-02
2.457223460078239441e-02
2.213961258530616760e-02
1.965481042861938477e-02
1.712309941649436951e-02
1.454998180270195007e-02
1.194147765636444092e-02
9.304050356149673462e-03
6.643608212471008301e-03
3.967266529798507690e-03
1.281294971704483032e-03
-1.408178359270095825e-03
-4.094790667295455933e-03
-6.773836910724639893e-03
-9.440522640943527222e-03
-1.209144666790962219e-02
-1.472492516040802002e-02
-1.734046265482902527e-02
-1.993944123387336731e-02
-2.252539992332458496e-02
-2.510407567024230957e-02
-2.768338099122047424e-02
-3.027351200580596924e-02
-3.288693353533744812e-02
-3.553763777017593384e-02
-3.824151679873466492e-02
-4.101511090993881226e-02
-4.387563094496726990e-02
-4.683970659971237183e-02
-4.992299154400825500e-02
-5.313919857144355774e-02
-5.649979785084724426e-02
-6.001221016049385071e-02
-6.368128955364227295e-02
-6.750680506229400635e-02
-7.148538529872894287e-02
-7.560905814170837402e-02
-7.986654341220855713e-02
-8.424330502748489380e-02
-8.872245252132415771e-02
-9.328523278236389160e-02
-9.791180491447448730e-02
-1.025820672512054443e-01
-1.072760373353958130e-01
-1.119747310876846313e-01
-1.166604459285736084e-01
-1.213166862726211548e-01
-1.259289532899856567e-01
-1.304845213890075684e-01
-1.349725574254989624e-01
-1.393837481737136841e-01
-1.437103301286697388e-01
-1.479462981224060059e-01
-1.520867496728897095e-01
-1.561274975538253784e-01
-1.600659638643264771e-01
-1.639000028371810913e-01
-1.676277667284011841e-01
-1.712483167648315430e-01
3.482061624526977539e-02
3.263777494430541992e-02
3.038923814892768860e-02
2.807806432247161865e-02
2.570850774645805359e-02
2.328453585505485535e-02
2.081147953867912292e-02
1.829360052943229675e-02
1.573747768998146057e-02
1.314828917384147644e-02
1.053243502974510193e-02
7.895682007074356079e-03
5.244240164756774902e-03
2.584040164947509766e-03
-7.947534322738647461e-05
-2.741679549217224121e-03
-5.398403853178024292e-03
-8.046474307775497437e-03
-1.068440452218055725e-02
-1.331226900219917297e-02
-1.593160629272460938e-02
-1.854629442095756531e-02
-2.116207778453826904e-02
-2.378743141889572144e-02
-2.643236890435218811e-02
-2.910935878753662109e-02
-3.183253854513168335e-02
-3.461748361587524414e-02
-3.748063743114471436e-02
-4.043868556618690491e-02
-4.350793734192848206e-02
-4.670321941375732422e-02
-5.003739893436431885e-02
-5.352056398987770081e-02
-5.715950578451156616e-02
-6.095689162611961365e-02
-6.491146981716156006e-02
-6.901792436838150024e-02
-7.326665520668029785e-02
-7.764494419097900391e-02
-8.213657140731811523e-02
-8.672343194484710693e-02
-9.138572216033935547e-02
-9.610281884670257568e-02
-1.008540540933609009e-01
-1.056191921234130859e-01
-1.103792637586593628e-01
-1.151168197393417358e-01
-1.198157817125320435e-01
-1.244622468948364258e-01
-1.290441900491714478e-01
-1.335514485836029053e-01
-1.379754841327667236e-01
-1.423089951276779175e-01
-1.465470045804977417e-01
-1.506845504045486450e-01
-1.547190696001052856e-01
-1.586475521326065063e-01
-1.624685674905776978e-01
-1.661805957555770874e-01
-1.697831004858016968e-01
3.812593594193458557e-02
3.600883483886718750e-02
3.382467478513717651e-02
3.157706558704376221e-02
2.926893904805183411e-02
2.690459415316581726e-02
2.448835968971252441e-02
2.202513068914413452e-02
1.951979100704193115e-02
1.697791367769241333e-02
1.440504938364028931e-02
1.180662959814071655e-02
9.188301861286163330e-03
6.555423140525817871e-03
3.913480788469314575e-03
1.266084611415863037e-03
-1.382697373628616333e-03
-4.030473530292510986e-03
-6.675820797681808472e-03
-9.319089353084564209e-03
-1.196244731545448303e-02
-1.460985839366912842e-02
-1.726748049259185791e-02
-1.994344964623451233e-02
-2.264814823865890503e-02
-2.539404109120368958e-02
-2.819501236081123352e-02
-3.106681257486343384e-02
-3.402510657906532288e-02
-3.708626329898834229e-02
-4.026583954691886902e-02
-4.357778653502464294e-02
-4.703398048877716064e-02
-5.064316838979721069e-02
-5.441066995263099670e-02
-5.833770707249641418e-02
-6.242139637470245361e-02
-6.665450334548950195e-02
-7.102593779563903809e-02
-7.552132755517959595e-02
-8.012305200099945068e-02
-8.481194823980331421e-02
-8.956705033779144287e-02
-9.436711668968200684e-02
-9.919147193431854248e-02
-1.040193885564804077e-01
-1.088325679302215576e-01
-1.136136353015899658e-01
-1.183473467826843262e-01
-1.230204105377197266e-01
-1.276215612888336182e-01
-1.321411281824111938e-01
-1.365717351436614990e-01
-1.409068554639816284e-01
-1.451420038938522339e-01
-1.492732167243957520e-01
-1.532976478338241577e-01
-1.572133749723434448e-01
-1.610190719366073608e-01
-1.647138297557830811e-01
-1.682970672845840454e-01
4.142532870173454285e-02
3.937191888689994812e-02
3.725053369998931885e-02
3.506432101130485535e-02
3.281603753566741943e-02
3.050974756479263306e-02
2.814919501543045044e-02
2.573854103684425354e-02
2.328269183635711670e-02
2.078645676374435425e-02
1.825497299432754517e-02
1.569312438368797302e-02
1.310629770159721375e-02
1.049925759434700012e-02
7.876224815845489502e-03
5.241669714450836182e-03
2.598233520984649658e-03
-5.177035927772521973e-05
-2.707436680793762207e-03
-5.369618535041809082e-03
-8.040849119424819946e-03
-1.072491705417633057e-02
-1.342861726880073547e-02
-1.615992560982704163e-02
-1.892948895692825317e-02
-2.174963429570198059e-02
-2.463417127728462219e-02
-2.759810537099838257e-02
-3.065701201558113098e-02
-3.382645547389984131e-02
-3.712107613682746887e-02
-4.055390506982803345e-02
-4.413560032844543457e-02
-4.787350445985794067e-02
-5.177131295204162598e-02
-5.582858622074127197e-02
-6.004066020250320435e-02
-6.439842283725738525e-02
-6.888942420482635498e-02
-7.349747419357299805e-02
-7.820375263690948486e-02
-8.298799395561218262e-02
-8.782851696014404297e-02
-9.270364046096801758e-02
-9.759238362312316895e-02
-1.024747788906097412e-01
-1.073322594165802002e-01
-1.121482849121093750e-01
-1.169085204601287842e-01
-1.216002702713012695e-01
-1.262133121490478516e-01
-1.307388097047805786e-01
-1.351700574159622192e-01
-1.395016908645629883e-01
-1.437293738126754761e-01
-1.478500217199325562e-01
-1.518613100051879883e-01
-1.557617634534835815e-01
-1.595502942800521851e-01
-1.632261872291564941e-01
-1.667893379926681519e-01
4.471531137824058533e-02
4.272333905100822449e-02
4.066272452473640442e-02
3.853580728173255920e-02
3.634572029113769531e-02
3.409552574157714844e-02
3.178838640451431274e-02
2.942869067192077637e-02
2.702049538493156433e-02
2.456796541810035706e-02
2.207592502236366272e-02
1.954900845885276794e-02
1.699158549308776855e-02
1.440810412168502808e-02
1.180237159132957458e-02
9.177800267934799194e-03
6.537258625030517578e-03
3.882028162479400635e-03
1.212615519762039185e-03
-1.471851021051406860e-03
-4.174351692199707031e-03
-6.899405270814895630e-03
-9.653344750404357910e-03
-1.244501397013664246e-02
-1.528437435626983643e-02
-1.818385347723960876e-02
-2.115694060921669006e-02
-2.421828359365463257e-02
-2.738282456994056702e-02
-3.066541813313961029e-02
-3.407950326800346375e-02
-3.763701766729354858e-02
-4.134716466069221497e-02
-4.521580785512924194e-02
-4.924482107162475586e-02
-5.343198403716087341e-02
-5.777083337306976318e-02
-6.225064769387245178e-02
-6.685698777437210083e-02
-7.157234847545623779e-02
-7.637687772512435913e-02
-8.124906569719314575e-02
-8.616696298122406006e-02
-9.110867977142333984e-02
-9.605315327644348145e-02
-1.009807586669921875e-01
-1.058737188577651978e-01
-1.107161492109298706e-01
-1.154945641756057739e-01
-1.201974153518676758e-01
-1.248152107000350952e-01
-1.293403059244155884e-01
-1.337665766477584839e-01
-1.380895972251892090e-01
-1.423055678606033325e-01
-1.464120596647262573e-01
-1.504072844982147217e-01
-1.542900204658508301e-01
-1.580596566200256348e-01
-1.617157161235809326e-01
-1.652579605579376221e-01
4.799286648631095886e-02
4.605985805392265320e-02
4.405772313475608826e-02
4.198807105422019958e-02
3.985344991087913513e-02
3.765692934393882751e-02
3.540132939815521240e-02
3.309023752808570862e-02
3.072755783796310425e-02
2.831687405705451965e-02
2.586233615875244141e-02
2.336793020367622375e-02
2.083782851696014404e-02
1.827540248632431030e-02
1.568446308374404907e-02
1.306779310107231140e-02
1.042717322707176208e-02
7.763814181089401245e-03
5.077786743640899658e-03
2.367481589317321777e-03
-3.701150417327880859e-04
-3.140091896057128906e-03
-5.948875099420547485e-03
-8.805058896541595459e-03
-1.171903312206268311e-02
-1.470281183719635010e-02
-1.776944100856781006e-02
-2.093302458524703979e-02
-2.420788258314132690e-02
-2.760768681764602661e-02
-3.114508464932441711e-02
-3.483032435178756714e-02
-3.867115825414657593e-02
-4.267162457108497620e-02
-4.683191701769828796e-02
-5.114787444472312927e-02
-5.561108142137527466e-02
-6.020907312631607056e-02
-6.492583453655242920e-02
-6.974250078201293945e-02
-7.463808357715606689e-02
-7.959049940109252930e-02
-8.457729965448379517e-02
-8.957651257514953613e-02
-9.456758201122283936e-02
-9.953132271766662598e-02
-1.044507026672363281e-01
-1.093110889196395874e-01
-1.140996515750885010e-01
-1.188059896230697632e-01
-1.234218031167984009e-01
-1.279401481151580811e-01
-1.323561966419219971e-01
-1.366657316684722900e-01
-1.408662348985671997e-01
-1.449553966522216797e-01
-1.489319801330566406e-01
-1.527949720621109009e-01
-1.565441936254501343e-01
-1.601793020963668823e-01
-1.637004017829895020e-01
5.125514790415763855e-02
4.937875643372535706e-02
4.743221774697303772e-02
4.541696235537528992e-02
4.333567246794700623e-02
4.119032248854637146e-02
3.898381441831588745e-02
3.671896830201148987e-02
3.439908102154731750e-02
3.202802687883377075e-02
2.960845455527305603e-02
2.714431285858154297e-02
2.463911101222038269e-02
2.209568023681640625e-02
1.951692998409271240e-02
1.690524816513061523e-02
1.426185667514801025e-02
1.158734038472175598e-02
8.881606161594390869e-03
6.142042577266693115e-03
3.365457057952880859e-03
5.469061434268951416e-04
-2.320624887943267822e-03
-5.245875567197799683e-03
-8.238751441240310669e-03
-1.131119206547737122e-02
-1.447576284408569336e-02
-1.774604991078376770e-02
-2.113522216677665710e-02
-2.465598098933696747e-02
-2.831955626606941223e-02
-3.213479369878768921e-02
-3.610761463642120361e-02
-4.024026542901992798e-02
-4.453092813491821289e-02
-4.897356405854225159e-02
-5.355769023299217224e-02
-5.826936289668083191e-02
-6.309071928262710571e-02
-6.800189614295959473e-02
-7.298079133033752441e-02
-7.800494134426116943e-02
-8.305163681507110596e-02
-8.809919655323028564e-02
-9.312759339809417725e-02
-9.811834990978240967e-02
-1.030554175376892090e-01
-1.079252064228057861e-01
-1.127161532640457153e-01
-1.174189001321792603e-01
-1.220261007547378540e-01
-1.265321373939514160e-01
-1.309328079223632812e-01
-1.352248787879943848e-01
-1.394060850143432617e-01
-1.434749960899353027e-01
-1.474306136369705200e-01
-1.512724459171295166e-01
-1.550002396106719971e-01
-1.586139947175979614e-01
-1.621135175228118896e-01
5.449995025992393494e-02
5.267692729830741882e-02
5.078288540244102478e-02
4.881959781050682068e-02
4.678831622004508972e-02
4.469167813658714294e-02
4.253127798438072205e-02
4.031034931540489197e-02
3.803119063377380371e-02
3.569665923714637756e-02
3.330978751182556152e-02
3.087330237030982971e-02
2.839038521051406860e-02
2.586308121681213379e-02
2.329408749938011169e-02
2.068454399704933167e-02
1.803568750619888306e-02
1.534736156463623047e-02
1.261836290359497070e-02
9.846497327089309692e-03
7.027670741081237793e-03
4.156652837991714478e-03
1.226536929607391357e-03
-1.771483570337295532e-03
-4.847425967454910278e-03
-8.012410253286361694e-03
-1.127895340323448181e-02
-1.465938985347747803e-02
-1.816616579890251160e-02
-2.181068249046802521e-02
-2.560254186391830444e-02
-2.954907529056072235e-02
-3.365425392985343933e-02
-3.791838139295578003e-02
-4.233752936124801636e-02
-4.690369963645935059e-02
-5.160453915596008301e-02
-5.642422661185264587e-02
-6.134371086955070496e-02
-6.634178757667541504e-02
-7.139579206705093384e-02
-7.648281753063201904e-02
-8.158034086227416992e-02
-8.666701614856719971e-02
-9.172333776950836182e-02
-9.673218429088592529e-02
-1.016782671213150024e-01
-1.065494120121002197e-01
-1.113353371620178223e-01
-1.160276681184768677e-01
-1.206203699111938477e-01
-1.251088678836822510e-01
-1.294894367456436157e-01
-1.337601244449615479e-01
-1.379191577434539795e-01
-1.419653445482254028e-01
-1.458982527256011963e-01
-1.497175842523574829e-01
-1.534232646226882935e-01
-1.570151001214981079e-01
-1.604934632778167725e-01
5.772492662072181702e-02
5.595207586884498596e-02
5.410778149962425232e-02
5.219275876879692078e-02
5.020895227789878845e-02
4.815783724188804626e-02
4.604101553559303284e-02
4.386092349886894226e-02
4.161947593092918396e-02
3.931893035769462585e-02
3.696178644895553589e-02
3.455049544572830200e-02
3.208705410361289978e-02
2.957353740930557251e-02
2.701120078563690186e-02
2.440141141414642334e-02
2.174410969018936157e-02
1.903881877660751343e-02
1.628371700644493103e-02
1.347630843520164490e-02
1.061207801103591919e-02
7.685404270887374878e-03
4.689142107963562012e-03
1.614965498447418213e-03
-1.547291874885559082e-03
-4.808302968740463257e-03
-8.179880678653717041e-03
-1.167342066764831543e-02
-1.530018635094165802e-02
-1.907019875943660736e-02
-2.299154549837112427e-02
-2.706960961222648621e-02
-3.130648285150527954e-02
-3.570016473531723022e-02
-4.024490714073181152e-02
-4.493048042058944702e-02
-4.974276199936866760e-02
-5.466426163911819458e-02
-5.967448279261589050e-02
-6.475144624710083008e-02
-6.987184286117553711e-02
-7.501268386840820312e-02
-8.015168458223342896e-02
-8.526822179555892944e-02
-9.034357964992523193e-02
-9.536160528659820557e-02
-1.003087311983108521e-01
-1.051736176013946533e-01
-1.099475026130676270e-01
-1.146232783794403076e-01
-1.191960573196411133e-01
-1.236621588468551636e-01
-1.280189752578735352e-01
-1.322648674249649048e-01
-1.363988965749740601e-01
-1.404205411672592163e-01
-1.443294137716293335e-01
-1.481253653764724731e-01
-1.518083661794662476e-01
-1.553785949945449829e-01
-1.588362604379653931e-01
6.092813238501548767e-02
5.920218303799629211e-02
5.740409716963768005e-02
5.553453788161277771e-02
5.359504744410514832e-02
5.158609524369239807e-02
4.950962588191032410e-02
4.736724868416786194e-02
4.516046866774559021e-02
4.289123043417930603e-02
4.056115075945854187e-02
3.817202150821685791e-02
3.572562336921691895e-02
3.322274610400199890e-02
3.066474571824073792e-02
2.805165946483612061e-02
2.538320794701576233e-02
2.265818044543266296e-02
1.987431570887565613e-02
1.702845096588134766e-02
1.411585882306098938e-02
1.113065704703330994e-02
8.065484464168548584e-03
4.912037402391433716e-03
1.660525798797607422e-03
-1.699078828096389771e-03
-5.177915096282958984e-03
-8.786516264081001282e-03
-1.253471523523330688e-02
-1.643113605678081512e-02
-2.048203162848949432e-02
-2.469073235988616943e-02
-2.905730344355106354e-02
-3.357771039009094238e-02
-3.824394941329956055e-02
-4.304384440183639526e-02
-4.796139150857925415e-02
-5.297749489545822144e-02
-5.807068943977355957e-02
-6.321799010038375854e-02
-6.839583814144134521e-02
-7.358134537935256958e-02
-7.875263690948486328e-02
-8.388993144035339355e-02
-8.897559344768524170e-02
-9.399470686912536621e-02
-9.893503785133361816e-02
-1.037866920232772827e-01
-1.085422188043594360e-01
-1.131959259510040283e-01
-1.177439689636230469e-01
-1.221836507320404053e-01
-1.265132725238800049e-01
-1.307318061590194702e-01
-1.348388195037841797e-01
-1.388343423604965210e-01
-1.427180618047714233e-01
-1.464900970458984375e-01
-1.501507014036178589e-01
-1.536998152732849121e-01
-1.571377068758010864e-01
6.410817801952362061e-02
6.242577359080314636e-02
6.067032739520072937e-02
5.884277448058128357e-02
5.694375559687614441e-02
5.497416481375694275e-02
5.293468013405799866e-02
5.082688108086585999e-02
4.865187034010887146e-02
4.641085490584373474e-02
4.410481080412864685e-02
4.173506423830986023e-02
3.930262848734855652e-02
3.680805116891860962e-02
3.425141423940658569e-02
3.163240104913711548e-02
2.895012125372886658e-02
2.620284631848335266e-02
2.338760718703269958e-02
2.050063386559486389e-02
1.753715425729751587e-02
1.449076086282730103e-02
1.135428994894027710e-02
8.119441568851470947e-03
4.776749759912490845e-03
1.316696405410766602e-03
-2.270903438329696655e-03
-5.995394662022590637e-03
-9.865548461675643921e-03
-1.388794928789138794e-02
-1.806713081896305084e-02
-2.240453846752643585e-02
-2.689777687191963196e-02
-3.154086321592330933e-02
-3.632352501153945923e-02
-4.123163223266601562e-02
-4.624738171696662903e-02
-5.135040357708930969e-02
-5.651805922389030457e-02
-6.172691658139228821e-02
-6.695313006639480591e-02
-7.217417657375335693e-02
-7.736878097057342529e-02
-8.251814544200897217e-02
-8.760587871074676514e-02
-9.261849522590637207e-02
-9.754505753517150879e-02
-1.023772805929183960e-01
-1.071089059114456177e-01
-1.117357462644577026e-01
-1.162547618150711060e-01
-1.206647157669067383e-01
-1.249643415212631226e-01
-1.291534751653671265e-01
-1.332319974899291992e-01
-1.372003555297851562e-01
-1.410583704710006714e-01
-1.448067724704742432e-01
-1.484453231096267700e-01
-1.519740819931030273e-01
-1.553933024406433105e-01
6.726382672786712646e-02
6.562101840972900391e-02
6.390495598316192627e-02
6.211575493216514587e-02
6.025403365492820740e-02
5.832011625170707703e-02
5.631456151604652405e-02
5.423818156123161316e-02
5.209141597151756287e-02
4.987538233399391174e-02
4.759052023291587830e-02
4.523724690079689026e-02
4.281608387827873230e-02
4.032666608691215515e-02
3.776885941624641418e-02
3.514154255390167236e-02
3.244310989975929260e-02
2.967094630002975464e-02
2.682194113731384277e-02
2.389184758067131042e-02
2.087512239813804626e-02
1.776580139994621277e-02
1.455617323517799377e-02
1.123826578259468079e-02
7.803160697221755981e-03
4.241719841957092285e-03
5.448944866657257080e-04
-3.295496106147766113e-03
-7.286606356501579285e-03
-1.143354736268520355e-02
-1.573869213461875916e-02
-2.020140551030635834e-02
-2.481717243790626526e-02
-2.957771718502044678e-02
-3.447064384818077087e-02
-3.947994485497474670e-02
-4.458625614643096924e-02
-4.976781457662582397e-02
-5.500122159719467163e-02
-6.026251986622810364e-02
-6.552806496620178223e-02
-7.077568769454956055e-02
-7.598508894443511963e-02
-8.113832771778106689e-02
-8.622060716152191162e-02
-9.121969342231750488e-02
-9.612631797790527344e-02
-1.009335964918136597e-01
-1.056364923715591431e-01
-1.102324128150939941e-01
-1.147192865610122681e-01
-1.190966367721557617e-01
-1.233642101287841797e-01
-1.275224387645721436e-01
-1.315716654062271118e-01
-1.355123370885848999e-01
-1.393450647592544556e-01
-1.430700123310089111e-01
-1.466872245073318481e-01
-1.501969099044799805e-01
-1.535989940166473389e-01
7.039430737495422363e-02
6.878738105297088623e-02
6.710691750049591064e-02
6.535257399082183838e-02
6.352439522743225098e-02
6.162270531058311462e-02
5.964749678969383240e-02
5.759919807314872742e-02
5.547769740223884583e-02
5.328360572457313538e-02
5.101666972041130066e-02
4.867698624730110168e-02
4.626425728201866150e-02
4.377743229269981384e-02
4.121582582592964172e-02
3.857767954468727112e-02
3.586054593324661255e-02
3.306151553988456726e-02
3.017665073275566101e-02
2.720155566930770874e-02
2.413019165396690369e-02
2.095637097954750061e-02
1.767250522971153259e-02
1.427070796489715576e-02
1.074282452464103699e-02
7.080087438225746155e-03
3.274735063314437866e-03
-6.803218275308609009e-04
-4.790604114532470703e-03
-9.059283882379531860e-03
-1.348681002855300903e-02
-1.807038113474845886e-02
-2.280325256288051605e-02
-2.767494507133960724e-02
-3.267107531428337097e-02
-3.777376562356948853e-02
-4.296220839023590088e-02
-4.821348935365676880e-02
-5.350360274314880371e-02
-5.880837142467498779e-02
-6.410437822341918945e-02
-6.937006115913391113e-02
-7.458603382110595703e-02
-7.973576337099075317e-02
-8.480571210384368896e-02
-8.978523313999176025e-02
-9.466639161109924316e-02
-9.944398701190948486e-02
-1.041144579648971558e-01
-1.086762845516204834e-01
-1.131283640861511230e-01
-1.174712926149368286e-01
-1.217055320739746094e-01
-1.258318871259689331e-01
-1.298515349626541138e-01
-1.337646692991256714e-01
-1.375723481178283691e-01
-1.412746906280517578e-01
-1.448720693588256836e-01
-1.483641713857650757e-01
-1.517508476972579956e-01
7.349888980388641357e-02
7.192432880401611328e-02
7.027553021907806396e-02
6.855231523513793945e-02
6.675426661968231201e-02
6.488101184368133545e-02
6.293264031410217285e-02
6.090901419520378113e-02
5.880962684750556946e-02
5.663420632481575012e-02
5.438235774636268616e-02
5.205326899886131287e-02
4.964611306786537170e-02
4.715951904654502869e-02
4.459181055426597595e-02
4.194022342562675476e-02
3.920247778296470642e-02
3.637453913688659668e-02
3.345239907503128052e-02
3.043080121278762817e-02
2.730363607406616211e-02
2.406448870897293091e-02
2.070597186684608459e-02
1.722042635083198547e-02
1.359990239143371582e-02
9.836990386247634888e-03
5.924684926867485046e-03
1.857297495007514954e-03
-2.368867397308349609e-03
-6.755407899618148804e-03
-1.130054146051406860e-02
-1.599920913577079773e-02
-2.084268815815448761e-02
-2.581824176013469696e-02
-3.090962767601013184e-02
-3.609720990061759949e-02
-4.135888442397117615e-02
-4.667084291577339172e-02
-5.200858041644096375e-02
-5.734786763787269592e-02
-6.266580522060394287e-02
-6.794142723083496094e-02
-7.315655052661895752e-02
-7.829596102237701416e-02
-8.334755897521972656e-02
-8.830216526985168457e-02
-9.315356612205505371e-02
-9.789779782295227051e-02
-1.025328189134597778e-01
-1.070579588413238525e-01
-1.114736795425415039e-01
-1.157810240983963013e-01
-1.199811547994613647e-01
-1.240757107734680176e-01
-1.280656605958938599e-01
-1.319520473480224609e-01
-1.357356160879135132e-01
-1.394168734550476074e-01
-1.429956704378128052e-01
-1.464720666408538818e-01
-1.498456448316574097e-01
7.657733559608459473e-02
7.503105700016021729e-02
7.341036200523376465e-02
7.171428203582763672e-02
6.994260847568511963e-02
6.809464097023010254e-02
6.616990268230438232e-02
6.416730582714080811e-02
6.208667531609535217e-02
5.992693826556205750e-02
5.768712982535362244e-02
5.536590144038200378e-02
5.296171829104423523e-02
5.047256872057914734e-02
4.789618775248527527e-02
4.522950574755668640e-02
4.246925935149192810e-02
3.961117193102836609e-02
3.665019944310188293e-02
3.358106315135955811e-02
3.039755299687385559e-02
2.709287405014038086e-02
2.365986257791519165e-02
2.009125798940658569e-02
1.637970283627510071e-02
1.251856237649917603e-02
8.501973003149032593e-03
4.325812682509422302e-03
-1.210346817970275879e-05
-4.511307924985885620e-03
-9.168002754449844360e-03
-1.397511735558509827e-02
-1.892162859439849854e-02
-2.399289235472679138e-02
-2.917077206075191498e-02
-3.443418443202972412e-02
-3.975983709096908569e-02
-4.512320086359977722e-02
-5.049948766827583313e-02
-5.586468800902366638e-02
-6.119630113244056702e-02
-6.647442281246185303e-02
-7.168198376893997192e-02
-7.680507749319076538e-02
-8.183312416076660156e-02
-8.675861358642578125e-02
-9.157676994800567627e-02
-9.628480672836303711e-02
-1.008820980787277222e-01
-1.053693145513534546e-01
-1.097476482391357422e-01
-1.140189319849014282e-01
-1.181849539279937744e-01
-1.222479939460754395e-01
-1.262092143297195435e-01
-1.300697773694992065e-01
-1.338308155536651611e-01
-1.374924778938293457e-01
-1.410548835992813110e-01
-1.445175111293792725e-01
-1.478802114725112915e-01
7.962952554225921631e-02
7.810793817043304443e-02
7.651136815547943115e-02
7.483902573585510254e-02
7.308989763259887695e-02
7.126344740390777588e-02
6.935858726501464844e-02
6.737408041954040527e-02
6.530882418155670166e-02
6.316164135932922363e-02
6.093091890215873718e-02
5.861480161547660828e-02
5.621108040213584900e-02
5.371708795428276062e-02
5.112999305129051208e-02
4.844642803072929382e-02
4.566195234656333923e-02
4.277215525507926941e-02
3.977162018418312073e-02
3.665455803275108337e-02
3.341457992792129517e-02
3.004489466547966003e-02
2.653840929269790649e-02
2.288830280303955078e-02
1.908791065216064453e-02
1.513145864009857178e-02
1.101438328623771667e-02
6.734002381563186646e-03
2.289751544594764709e-03
-2.315867692232131958e-03
-7.077122107148170471e-03
-1.198483444750308990e-02
-1.702596433460712433e-02
-2.218396589159965515e-02
-2.743903733789920807e-02
-3.276878595352172852e-02
-3.814894706010818481e-02
-4.355447739362716675e-02
-4.896045476198196411e-02
-5.434315279126167297e-02
-5.968089774250984192e-02
-6.495467573404312134e-02
-7.014866173267364502e-02
-7.525042444467544556e-02
-8.025079965591430664e-02
-8.514377474784851074e-02
-8.992588520050048828e-02
-9.459592401981353760e-02
-9.915444254875183105e-02
-1.036029607057571411e-01
-1.079435795545578003e-01
-1.121791899204254150e-01
-1.163119673728942871e-01
-1.203443259000778198e-01
-1.242780238389968872e-01
-1.281144469976425171e-01
-1.318545192480087280e-01
-1.354986280202865601e-01
-1.390466243028640747e-01
-1.424981653690338135e-01
-1.458527147769927979e-01
8.265545964241027832e-02
8.115474879741668701e-02
7.957862317562103271e-02
7.792618870735168457e-02
7.619625329971313477e-02
7.438772916793823242e-02
7.249930500984191895e-02
7.052938640117645264e-02
6.847649812698364258e-02
6.633879244327545166e-02
6.411424279212951660e-02
6.180049106478691101e-02
5.939480289816856384e-02
5.689385160803794861e-02
5.429428443312644958e-02
5.159198865294456482e-02
4.878207668662071228e-02
4.585964605212211609e-02
4.281913861632347107e-02
3.965401276946067810e-02
3.635812923312187195e-02
3.292433172464370728e-02
2.934611216187477112e-02
2.561687678098678589e-02
2.173073217272758484e-02
1.768290996551513672e-02
1.347005739808082581e-02
9.091023355722427368e-03
4.546893760561943054e-03
-1.579783856868743896e-04
-5.015822127461433411e-03
-1.001543179154396057e-02
-1.514195092022418976e-02
-2.037711814045906067e-02
-2.569958753883838654e-02
-3.108586370944976807e-02
-3.651095554232597351e-02
-4.194946587085723877e-02
-4.737655445933341980e-02
-5.276902019977569580e-02
-5.810583755373954773e-02
-6.336919963359832764e-02
-6.854450702667236328e-02
-7.362076640129089355e-02
-7.859018445014953613e-02
-8.344818651676177979e-02
-8.819265663623809814e-02
-9.282366931438446045e-02
-9.734286367893218994e-02
-1.017527431249618530e-01
-1.060563772916793823e-01
-1.102569997310638428e-01
-1.143577098846435547e-01
-1.183609515428543091e-01
-1.222690045833587646e-01
-1.260831803083419800e-01
-1.298044174909591675e-01
-1.334332525730133057e-01
-1.369694322347640991e-01
-1.404125392436981201e-01
-1.437614858150482178e-01
8.565534651279449463e-02
8.417135477066040039e-02
8.261214196681976318e-02
8.097597956657409668e-02
7.926173508167266846e-02
7.746766507625579834e-02
7.559233903884887695e-02
7.363386452198028564e-02
7.159020006656646729e-02
6.945902109146118164e-02
6.723797321319580078e-02
6.492421030998229980e-02
6.251403689384460449e-02
6.000421568751335144e-02
5.739023908972740173e-02
5.466778203845024109e-02
5.183173343539237976e-02
4.887623712420463562e-02
4.579524323344230652e-02
4.258273169398307800e-02
3.923163190484046936e-02
3.573560342192649841e-02
3.208790346980094910e-02
2.828262373805046082e-02
2.431459352374076843e-02
2.018018439412117004e-02
1.587722450494766235e-02
1.140592247247695923e-02
6.769254803657531738e-03
1.973347738385200500e-03
-2.972261980175971985e-03
-8.054453879594802856e-03
-1.325655169785022736e-02
-1.855877228081226349e-02
-2.393861114978790283e-02
-2.937155216932296753e-02
-3.483205288648605347e-02
-4.029466584324836731e-02
-4.573473706841468811e-02
-5.112959444522857666e-02
-5.645925179123878479e-02
-6.170689687132835388e-02
-6.685924530029296875e-02
-7.190656661987304688e-02
-7.684260606765747070e-02
-8.166399598121643066e-02
-8.636988699436187744e-02
-9.096178412437438965e-02
-9.544201195240020752e-02
-9.981404244899749756e-02
-1.040819883346557617e-01
-1.082492768764495850e-01
-1.123194545507431030e-01
-1.162955760955810547e-01
-1.201800704002380371e-01
-1.239741891622543335e-01
-1.276792883872985840e-01
-1.312953829765319824e-01
-1.348223984241485596e-01
-1.382595598697662354e-01
-1.416061222553253174e-01
8.862897753715515137e-02
8.715835213661193848e-02
8.561201393604278564e-02
8.398869633674621582e-02
8.228655159473419189e-02
8.050359785556793213e-02
7.863812148571014404e-02
7.668790221214294434e-02
7.465048134326934814e-02
7.252328097820281982e-02
7.030300796031951904e-02
6.798644363880157471e-02
6.556998193264007568e-02
6.304912269115447998e-02
6.041945144534111023e-02
5.767582729458808899e-02
5.481265112757682800e-02
5.182361230254173279e-02
4.870280250906944275e-02
4.544352367520332336e-02
4.203898087143898010e-02
3.848278895020484924e-02
3.476854041218757629e-02
3.089109063148498535e-02
2.684593573212623596e-02
2.263043075799942017e-02
1.824367046356201172e-02
1.368745788931846619e-02
8.966371417045593262e-03
4.088275134563446045e-03
-9.356047958135604858e-04
-6.090363487601280212e-03
-1.135783828794956207e-02
-1.671679876744747162e-02
-2.214377745985984802e-02
-2.761346846818923950e-02
-3.310014307498931885e-02
-3.857829421758651733e-02
-4.402358829975128174e-02
-4.941425472497940063e-02
-5.473094061017036438e-02
-5.995829030871391296e-02
-6.508418917655944824e-02
-7.010008394718170166e-02
-7.500112056732177734e-02
-7.978513836860656738e-02
-8.445265144109725952e-02
-8.900575339794158936e-02
-9.344807267189025879e-02
-9.778395295143127441e-02
-1.020176261663436890e-01
-1.061535924673080444e-01
-1.101955920457839966e-01
-1.141470223665237427e-01
-1.180104762315750122e-01
-1.217871010303497314e-01
-1.254785507917404175e-01
-1.290848404169082642e-01
-1.326055377721786499e-01
-1.360399127006530762e-01
-1.393867731094360352e-01
9.157656133174896240e-02
9.011551737785339355e-02
8.857886493206024170e-02
8.696465194225311279e-02
8.527123928070068359e-02
8.349612355232238770e-02
8.163720369338989258e-02
7.969222962856292725e-02
7.765811681747436523e-02
7.553195953369140625e-02
7.331001758575439453e-02
7.098866999149322510e-02
6.856377422809600830e-02
6.603045761585235596e-02
6.338371336460113525e-02
6.061780825257301331e-02
5.772696062922477722e-02
5.470475181937217712e-02
5.154455825686454773e-02
4.823983088135719299e-02
4.478366300463676453e-02
4.116998985409736633e-02
3.739291802048683167e-02
3.344755992293357849e-02
2.933057025074958801e-02
2.504013106226921082e-02
2.057680860161781311e-02
1.594366133213043213e-02
1.114693284034729004e-02
6.196007132530212402e-03
1.103863120079040527e-03
-4.113063216209411621e-03
-9.435364976525306702e-03
-1.484059169888496399e-02
-2.030450478196144104e-02
-2.580129727721214294e-02
-3.130510076880455017e-02
-3.679058700799942017e-02
-4.223405942320823669e-02
-4.761430621147155762e-02
-5.291328579187393188e-02
-5.811655148863792419e-02
-6.321305036544799805e-02
-6.819593161344528198e-02
-7.306110858917236328e-02
-7.780776917934417725e-02
-8.243732154369354248e-02
-8.695298433303833008e-02
-9.135906398296356201e-02
-9.566053748130798340e-02
-9.986239671707153320e-02
-1.039693206548690796e-01
-1.079858988523483276e-01
-1.119151711463928223e-01
-1.157601028680801392e-01
-1.195224821567535400e-01
-1.232030391693115234e-01
-1.268023401498794556e-01
-1.303196698427200317e-01
-1.337541937828063965e-01
-1.371043622493743896e-01
9.449788928031921387e-02
9.304280579090118408e-02
9.151223301887512207e-02
8.990386128425598145e-02
8.821560442447662354e-02
8.644504845142364502e-02
8.458992838859558105e-02
8.264710009098052979e-02
8.061343431472778320e-02
7.848566770553588867e-02
7.625979185104370117e-02
7.393157482147216797e-02
7.149647176265716553e-02
6.894905865192413330e-02
6.628398597240447998e-02
6.349533796310424805e-02
6.057676300406455994e-02
5.752156302332878113e-02
5.432298406958580017e-02
5.097443237900733948e-02
4.746918007731437683e-02
4.380116239190101624e-02
3.996522352099418640e-02
3.595706820487976074e-02
3.177401050925254822e-02
2.741548791527748108e-02
2.288314700126647949e-02
1.818159595131874084e-02
1.331840828061103821e-02
8.304692804813385010e-03
3.154678270220756531e-03
-2.113990485668182373e-03
-7.480435073375701904e-03
-1.292148046195507050e-02
-1.841230876743793488e-02
-2.392668649554252625e-02
-2.943907678127288818e-02
-3.492422401905059814e-02
-4.035927727818489075e-02
-4.572382196784019470e-02
-5.100078880786895752e-02
-5.617675930261611938e-02
-6.124208122491836548e-02
-6.619071215391159058e-02
-7.101987302303314209e-02
-7.572965323925018311e-02
-8.032253384590148926e-02
-8.480244874954223633e-02
-8.917446434497833252e-02
-9.344394505023956299e-02
-9.761650860309600830e-02
-1.016974598169326782e-01
-1.056911349296569824e-01
-1.096013933420181274e-01
-1.134311109781265259e-01
-1.171817630529403687e-01
-1.208546310663223267e-01
-1.244498044252395630e-01
-1.279669553041458130e-01
-1.314045637845993042e-01
-1.347612589597702026e-01
9.739217162132263184e-02
9.593981504440307617e-02
9.441190958023071289e-02
9.280607104301452637e-02
9.111994504928588867e-02
8.935080468654632568e-02
8.749625086784362793e-02
8.555270731449127197e-02
8.351694047451019287e-02
8.138512074947357178e-02
7.915294170379638672e-02
7.681594789028167725e-02
7.436871528625488281e-02
7.180590927600860596e-02
6.912177801132202148e-02
6.630976498126983643e-02
6.336347758769989014e-02
6.027586385607719421e-02
5.704027041792869568e-02
5.364991351962089539e-02
5.009831115603446960e-02
4.637974873185157776e-02
4.248921945691108704e-02
3.842358663678169250e-02
3.418080881237983704e-02
2.976138517260551453e-02
2.516828849911689758e-02
2.040730789303779602e-02
1.548723503947257996e-02
1.042076572775840759e-02
5.223317071795463562e-03
-8.627399802207946777e-05
-5.486318841576576233e-03
-1.095296069979667664e-02
-1.646080985665321350e-02
-2.198391780257225037e-02
-2.749665081501007080e-02
-3.297441452741622925e-02
-3.839502856135368347e-02
-4.373902082443237305e-02
-4.899035394191741943e-02
-5.413655564188957214e-02
-5.916919186711311340e-02
-6.408309936523437500e-02
-6.887672841548919678e-02
-7.355086505413055420e-02
-7.810870558023452759e-02
-8.255498111248016357e-02
-8.689527213573455811e-02
-9.113554656505584717e-02
-9.528183937072753906e-02
-9.933969378471374512e-02
-1.033138036727905273e-01
-1.072080433368682861e-01
-1.110254377126693726e-01
-1.147677153348922729e-01
-1.184358298778533936e-01
-1.220301836729049683e-01
-1.255498975515365601e-01
-1.289936155080795288e-01
-1.323598474264144897e-01
1.002587527036666870e-01
9.880591928958892822e-02
9.727732837200164795e-02
9.567061066627502441e-02
9.398341178894042969e-02
9.221269190311431885e-02
9.035582840442657471e-02
8.840891718864440918e-02
8.636835217475891113e-02
8.423006534576416016e-02
8.198967576026916504e-02
7.964168488979339600e-02
7.718107104301452637e-02
7.460175454616546631e-02
7.189765572547912598e-02
6.906209886074066162e-02
6.608825922012329102e-02
6.296914815902709961e-02
5.969807133078575134e-02
5.626807734370231628e-02
5.267323181033134460e-02
4.890789464116096497e-02
4.496792331337928772e-02
4.085044190287590027e-02
3.655469417572021484e-02
3.208206221461296082e-02
2.743659541010856628e-02
2.262526378035545349e-02
1.765828207135200500e-02
1.254921779036521912e-02
7.314804941415786743e-03
1.974821090698242188e-03
-3.448460251092910767e-03
-8.930573239922523499e-03
-1.444620639085769653e-02
-1.996934413909912109e-02
-2.547485008835792542e-02
-3.093870729207992554e-02
-3.633944690227508545e-02
-4.165869951248168945e-02
-4.688138514757156372e-02
-5.199606344103813171e-02
-5.699502304196357727e-02
-6.187434867024421692e-02
-6.663309037685394287e-02
-7.127298414707183838e-02
-7.579796761274337769e-02
-8.021301031112670898e-02
-8.452428877353668213e-02
-8.873853087425231934e-02
-9.286169707775115967e-02
-9.689956903457641602e-02
-1.008573621511459351e-01
-1.047387719154357910e-01
-1.085468530654907227e-01
-1.122838854789733887e-01
-1.159505397081375122e-01
-1.195467412471771240e-01
-1.230720728635787964e-01
-1.265249401330947876e-01
-1.299034953117370605e-01
1.030965000391006470e-01
1.016397327184677124e-01
1.001072078943252563e-01
9.849667549133300781e-02
9.680534899234771729e-02
9.503026306629180908e-02
9.316805005073547363e-02
9.121498465538024902e-02
8.916740119457244873e-02
8.702048659324645996e-02
8.476939797401428223e-02
8.240896463394165039e-02
7.993334531784057617e-02
7.733647525310516357e-02
7.461190223693847656e-02
7.175254821777343750e-02
6.875182688236236572e-02
6.560234725475311279e-02
6.229737028479576111e-02
5.883045867085456848e-02
5.519558116793632507e-02
5.138781294226646423e-02
4.740336164832115173e-02
4.324031993746757507e-02
3.889852017164230347e-02
3.438037633895874023e-02
2.969105914235115051e-02
2.483861520886421204e-02
1.983456686139106750e-02
1.469318196177482605e-02
9.432308375835418701e-03
4.072170704603195190e-03
-1.364249736070632935e-03
-6.852287799119949341e-03
-1.236671023070812225e-02
-1.788185536861419678e-02
-2.337311953306198120e-02
-2.881707996129989624e-02
-3.419319540262222290e-02
-3.948407992720603943e-02
-4.467542842030525208e-02
-4.975697025656700134e-02
-5.472204461693763733e-02
-5.956714600324630737e-02
-6.429219245910644531e-02
-6.889969110488891602e-02
-7.339394092559814453e-02
-7.778041809797286987e-02
-8.206601440906524658e-02
-8.625701069831848145e-02
-9.036032855510711670e-02
-9.438169002532958984e-02
-9.832625091075897217e-02
-1.021981239318847656e-01
-1.060004383325576782e-01
-1.097350418567657471e-01
-1.134030669927597046e-01
-1.170042604207992554e-01
-1.205379664897918701e-01
-1.240027099847793579e-01
-1.273966282606124878e-01
1.059034019708633423e-01
1.044396311044692993e-01
1.029001325368881226e-01
1.012825667858123779e-01
9.958423674106597900e-02
9.780173003673553467e-02
9.593157470226287842e-02
9.397004544734954834e-02
9.191271662712097168e-02
8.975484967231750488e-02
8.749127388000488281e-02
8.511668443679809570e-02
8.262495696544647217e-02
8.000949025154113770e-02
7.726390659809112549e-02
7.438096404075622559e-02
7.135376334190368652e-02
6.817525625228881836e-02
6.483860313892364502e-02
6.133733317255973816e-02
5.766623094677925110e-02
5.382042750716209412e-02
4.979692026972770691e-02
4.559437558054924011e-02
4.121352359652519226e-02
3.665796294808387756e-02
3.193348646163940430e-02
2.704934775829315186e-02
2.201777324080467224e-02
1.685409247875213623e-02
1.157674565911293030e-02
6.206665188074111938e-03
7.667168974876403809e-04
-4.718214273452758789e-03
-1.022316515445709229e-02
-1.572280004620552063e-02
-2.119310200214385986e-02
-2.661170251667499542e-02
-3.195910155773162842e-02
-3.721833974123001099e-02
-4.237644374370574951e-02
-4.742374643683433533e-02
-5.235475301742553711e-02
-5.716637894511222839e-02
-6.185913458466529846e-02
-6.643620878458023071e-02
-7.090214639902114868e-02
-7.526299357414245605e-02
-7.952560484409332275e-02
-8.369690179824829102e-02
-8.778342604637145996e-02
-9.179137647151947021e-02
-9.572614729404449463e-02
-9.959171712398529053e-02
-1.033910959959030151e-01
-1.071262955665588379e-01
-1.107986569404602051e-01
-1.144076287746429443e-01
-1.179526299238204956e-01
-1.214318871498107910e-01
-1.248432993888854980e-01
1.086775809526443481e-01
1.072034388780593872e-01
1.056538075208663940e-01
1.040264368057250977e-01
1.023179590702056885e-01
1.005252599716186523e-01
9.864462912082672119e-02
9.667174518108367920e-02
9.460252523422241211e-02
9.243163466453552246e-02
9.015393257141113281e-02
8.776357769966125488e-02
8.525434136390686035e-02
8.261963725090026855e-02
7.985267043113708496e-02
7.694631814956665039e-02
7.389365136623382568e-02
7.068742811679840088e-02
6.732106208801269531e-02
6.378865242004394531e-02
6.008481606841087341e-02
5.620566383004188538e-02
5.214852467179298401e-02
4.791290685534477234e-02
4.350037500262260437e-02
3.891514241695404053e-02
3.416412696242332458e-02
2.925733849406242371e-02
2.420789375901222229e-02
1.903164759278297424e-02
1.374756917357444763e-02
8.376989513635635376e-03
2.942899242043495178e-03
-2.530358731746673584e-03
-8.017972111701965332e-03
-1.349522173404693604e-02
-1.893868856132030487e-02
-2.432723715901374817e-02
-2.964186482131481171e-02
-3.486685454845428467e-02
-3.999003022909164429e-02
-4.500262439250946045e-02
-4.989942908287048340e-02
-5.467845872044563293e-02
-5.934058502316474915e-02
-6.388925015926361084e-02
-6.832930445671081543e-02
-7.266731560230255127e-02
-7.691001892089843750e-02
-8.106455206871032715e-02
-8.513759821653366089e-02
-8.913546800613403320e-02
-9.306332468986511230e-02
-9.692558646202087402e-02
-1.007251292467117310e-01
-1.044639497995376587e-01
-1.081433445215225220e-01
-1.117626875638961792e-01
-1.153215020895004272e-01
-1.188177764415740967e-01
-1.222493350505828857e-01
1.114158481359481812e-01
1.099282354116439819e-01
1.083656251430511475e-01
1.067252755165100098e-01
1.050039976835250854e-01
1.031983643770217896e-01
1.013044565916061401e-01
9.931810200214385986e-02
9.723465144634246826e-02
9.504871070384979248e-02
9.275504946708679199e-02
9.034742414951324463e-02
8.781959116458892822e-02
8.516502380371093750e-02
8.237655460834503174e-02
7.944700121879577637e-02
7.636952400207519531e-02
7.313732802867889404e-02
6.974372267723083496e-02
6.618309020996093750e-02
6.245050951838493347e-02
5.854266509413719177e-02
5.445743724703788757e-02
5.019516870379447937e-02
4.575796052813529968e-02
4.115095362067222595e-02
3.638182207942008972e-02
3.146146237850189209e-02
2.640320733189582825e-02
2.122392132878303528e-02
1.594251394271850586e-02
1.058033481240272522e-02
5.160473287105560303e-03
-2.931412309408187866e-04
-5.755875259637832642e-03
-1.120434142649173737e-02
-1.661589555442333221e-02
-2.196980081498622894e-02
-2.724842354655265808e-02
-3.243694081902503967e-02
-3.752375394105911255e-02
-4.250082373619079590e-02
-4.736383259296417236e-02
-5.211133137345314026e-02
-5.674442276358604431e-02
-6.126670166850090027e-02
-6.568350642919540405e-02
-7.000130414962768555e-02
-7.422694563865661621e-02
-7.836766541004180908e-02
-8.243025839328765869e-02
-8.642093837261199951e-02
-9.034509956836700439e-02
-9.420695900917053223e-02
-9.800921380519866943e-02
-1.017546951770782471e-01
-1.054434031248092651e-01
-1.090756654739379883e-01
-1.126506924629211426e-01
-1.161662638187408447e-01
-1.196202039718627930e-01
1.141146272420883179e-01
1.126106828451156616e-01
1.110319644212722778e-01
1.093758344650268555e-01
1.076389998197555542e-01
1.058177500963211060e-01
1.039081960916519165e-01
1.019057333469390869e-01
9.980586171150207520e-02
9.760309755802154541e-02
9.529155492782592773e-02
9.286543726921081543e-02
9.031805396080017090e-02
8.764281868934631348e-02
8.483265340328216553e-02
8.188056945800781250e-02
7.877956330776214600e-02
7.552286982536315918e-02
7.210439443588256836e-02
6.851863861083984375e-02
6.476129591464996338e-02
6.082952395081520081e-02
5.672181025147438049e-02
5.243908986449241638e-02
4.798451438546180725e-02
4.336348548531532288e-02
3.858454152941703796e-02
3.365904092788696289e-02
2.860100939869880676e-02
2.342733368277549744e-02
1.815731450915336609e-02
1.281211152672767639e-02
7.414489984512329102e-03
1.987993717193603516e-03
-3.443576395511627197e-03
-8.857430890202522278e-03
-1.423197239637374878e-02
-1.954760961234569550e-02
-2.478716149926185608e-02
-2.993706054985523224e-02
-3.498626127839088440e-02
-3.992788493633270264e-02
-4.475752264261245728e-02
-4.947431385517120361e-02
-5.407983064651489258e-02
-5.857764929533004761e-02
-6.297363340854644775e-02
-6.727357208728790283e-02
-7.148498296737670898e-02
-7.561460137367248535e-02
-7.966969907283782959e-02
-8.365613222122192383e-02
-8.757923543453216553e-02
-9.144315123558044434e-02
-9.525118768215179443e-02
-9.900504350662231445e-02
-1.027060300111770630e-01
-1.063534468412399292e-01
-1.099466830492019653e-01
-1.134835779666900635e-01
-1.169620603322982788e-01
1.167698502540588379e-01
1.152465641498565674e-01
1.136489957571029663e-01
1.119742244482040405e-01
1.102190166711807251e-01
1.083796024322509766e-01
1.064517796039581299e-01
1.044310927391052246e-01
1.023125946521759033e-01
1.000907272100448608e-01
9.775985777378082275e-02
9.531401097774505615e-02
9.274621307849884033e-02
9.004992246627807617e-02
8.721813559532165527e-02
8.424374461174011230e-02
8.112026751041412354e-02
7.784102857112884521e-02
7.440023124217987061e-02
7.079273462295532227e-02
6.701472401618957520e-02
6.306387484073638916e-02
5.893915519118309021e-02
5.464225634932518005e-02
5.017684027552604675e-02
4.554934427142143250e-02
4.076847806572914124e-02
3.584609180688858032e-02
3.079657629132270813e-02
2.563690021634101868e-02
2.038656547665596008e-02
1.506625488400459290e-02
9.698234498500823975e-03
4.305766895413398743e-03
-1.088554039597511292e-03
-6.462782621383666992e-03
-1.179601065814495087e-02
-1.706957630813121796e-02
-2.226767130196094513e-02
-2.737720869481563568e-02
-3.238802030682563782e-02
-3.729364648461341858e-02
-4.209030047059059143e-02
-4.677745327353477478e-02
-5.135690793395042419e-02
-5.583231523633003235e-02
-6.020916625857353210e-02
-6.449373066425323486e-02
-6.869322061538696289e-02
-7.281471043825149536e-02
-7.686455547809600830e-02
-8.084936439990997314e-02
-8.477398753166198730e-02
-8.864262700080871582e-02
-9.245824813842773438e-02
-9.622336924076080322e-02
-9.993824362754821777e-02
-1.036027073860168457e-01
-1.072163432836532593e-01
-1.107762902975082397e-01
-1.142808794975280762e-01
1.193769872188568115e-01
1.178311556577682495e-01
1.162119209766387939e-01
1.145157366991043091e-01
1.127392649650573730e-01
1.108791530132293701e-01
1.089305430650711060e-01
1.068892627954483032e-01
1.047502309083938599e-01
1.025076061487197876e-01
1.001561135053634644e-01
9.768895804882049561e-02
9.510003030300140381e-02
9.238219261169433594e-02
8.952881395816802979e-02
8.653315901756286621e-02
8.338846266269683838e-02
8.008855581283569336e-02
7.662780582904815674e-02
7.300178706645965576e-02
6.920699775218963623e-02
6.524166464805603027e-02
6.110538169741630554e-02
5.680057778954505920e-02
5.233135446906089783e-02
4.770423099398612976e-02
4.292898997664451599e-02
3.801760822534561157e-02
3.298450261354446411e-02
2.784688398241996765e-02
2.262368425726890564e-02
1.733541116118431091e-02
1.200395822525024414e-02
6.651436910033226013e-03
1.299761235713958740e-03
-4.029860720038414001e-03
-9.317873045802116394e-03
-1.454649493098258972e-02
-1.970078609883785248e-02
-2.476825751364231110e-02
-2.973989769816398621e-02
-3.460933268070220947e-02
-3.937342762947082520e-02
-4.403177648782730103e-02
-4.858631640672683716e-02
-5.304080620408058167e-02
-5.740056931972503662e-02
-6.167202442884445190e-02
-6.586182117462158203e-02
-6.997713446617126465e-02
-7.402442395687103271e-02
-7.800963521003723145e-02
-8.193791657686233521e-02
-8.581333607435226440e-02
-8.963911235332489014e-02
-9.341700375080108643e-02
-9.714768826961517334e-02
-1.008311808109283447e-01
-1.044663935899734497e-01
-1.080511659383773804e-01
-1.115831583738327026e-01
1.219301968812942505e-01
1.203593164682388306e-01
1.187152713537216187e-01
1.169950366020202637e-01
1.151949912309646606e-01
1.133112907409667969e-01
1.113397777080535889e-01
1.092756092548370361e-01
1.071138978004455566e-01
1.048489809036254883e-01
1.024750173091888428e-01
9.998564422130584717e-02
9.737481176853179932e-02
9.463524818420410156e-02
9.176053106784820557e-02
8.874416351318359375e-02
8.557945489883422852e-02
8.226084709167480469e-02
7.878291606903076172e-02
7.514177262783050537e-02
7.133430242538452148e-02
6.735911965370178223e-02
6.321685016155242920e-02
5.890991911292076111e-02
5.444284901022911072e-02
4.982332512736320496e-02
4.506069794297218323e-02
4.016759619116783142e-02
3.515836223959922791e-02
3.004989400506019592e-02
2.486103400588035583e-02
1.961145550012588501e-02
1.432264596223831177e-02
9.015623480081558228e-03
3.711603581905364990e-03
-1.569459214806556702e-03
-6.808618083596229553e-03
-1.198955439031124115e-02
-1.709795929491519928e-02
-2.212202548980712891e-02
-2.705356478691101074e-02
-3.188659995794296265e-02
-3.661850839853286743e-02
-4.124883562326431274e-02
-4.577949643135070801e-02
-5.021434277296066284e-02
-5.455879122018814087e-02
-5.881861969828605652e-02
-6.300070881843566895e-02
-6.711182743310928345e-02
-7.115826755762100220e-02
-7.514604181051254272e-02
-7.907999306917190552e-02
-8.296410739421844482e-02
-8.680132031440734863e-02
-9.059372544288635254e-02
-9.434206783771514893e-02
-9.804570674896240234e-02
-1.017039716243743896e-01
-1.053146719932556152e-01
-1.088751852512359619e-01
1.244239807128906250e-01
1.228249371051788330e-01
1.211535781621932983e-01
1.194064766168594360e-01
1.175800859928131104e-01
1.156703680753707886e-01
1.136736273765563965e-01
1.115844994783401489e-01
1.093980669975280762e-01
1.071092039346694946e-01
1.047116070985794067e-01
1.021990776062011719e-01
9.956547617912292480e-02
9.680406749248504639e-02
9.390841424465179443e-02
9.087191522121429443e-02
8.768889307975769043e-02
8.435356616973876953e-02
8.086109161376953125e-02
7.720801234245300293e-02
7.339172065258026123e-02
6.941148638725280762e-02
6.526812911033630371e-02
6.096464022994041443e-02
5.650632455945014954e-02
5.190063640475273132e-02
4.715762659907341003e-02
4.228966310620307922e-02
3.731094673275947571e-02
3.223841264843940735e-02
2.709006145596504211e-02
2.188530191779136658e-02
1.664445176720619202e-02
1.138817891478538513e-02
6.136177107691764832e-03
9.075906127691268921e-04
-4.279883578419685364e-03
-9.410569444298744202e-03
-1.447104290127754211e-02
-1.945067755877971649e-02
-2.434135228395462036e-02
-2.913784980773925781e-02
-3.383749723434448242e-02
-3.844020515680313110e-02
-4.294794797897338867e-02
-4.736437276005744934e-02
-5.169462412595748901e-02
-5.594441294670104980e-02
-6.012041494250297546e-02
-6.422886252403259277e-02
-6.827612221240997314e-02
-7.226793467998504639e-02
-7.620920240879058838e-02
-8.010338991880416870e-02
-8.395373821258544922e-02
-8.776205778121948242e-02
-9.152901172637939453e-02
-9.525410830974578857e-02
-9.893663227558135986e-02
-1.025737822055816650e-01
-1.061639189720153809e-01
1.268516182899475098e-01
1.252218484878540039e-01
1.235203891992568970e-01
1.217436343431472778e-01
1.198881119489669800e-01
1.179504096508026123e-01
1.159259974956512451e-01
1.138098984956741333e-01
1.115972697734832764e-01
1.092823594808578491e-01
1.068598031997680664e-01
1.043231636285781860e-01
1.016664952039718628e-01
9.888307750225067139e-02
9.596677124500274658e-02
9.291151165962219238e-02
8.971153199672698975e-02
8.636151254177093506e-02
8.285734057426452637e-02
7.919551432132720947e-02
7.537443935871124268e-02
7.139350473880767822e-02
6.725405156612396240e-02
6.295953691005706787e-02
5.851569399237632751e-02
5.393007770180702209e-02
4.921277239918708801e-02
4.437607899308204651e-02
3.943435475230216980e-02
3.440381959080696106e-02
2.930187433958053589e-02
2.414737269282341003e-02
1.895984634757041931e-02
1.375848427414894104e-02
8.562345057725906372e-03
3.389514982700347900e-03
-1.743201166391372681e-03
-6.821529939770698547e-03
-1.183259859681129456e-02
-1.676649786531925201e-02
-2.161560207605361938e-02
-2.637507021427154541e-02
-3.104260563850402832e-02
-3.561813011765480042e-02
-4.010352119803428650e-02
-4.450224712491035461e-02
-4.881916195154190063e-02
-5.306010693311691284e-02
-5.723096057772636414e-02
-6.133824214339256287e-02
-6.538763642311096191e-02
-6.938483566045761108e-02
-7.333423942327499390e-02
-7.724004983901977539e-02
-8.110443502664566040e-02
-8.492971956729888916e-02
-8.871619403362274170e-02
-9.246370196342468262e-02
-9.617069363594055176e-02
-9.983579814434051514e-02
-1.034556776285171509e-01
1.292065829038619995e-01
1.275430023670196533e-01
1.258085072040557861e-01
1.239998638629913330e-01
1.221130490303039551e-01
1.201448142528533936e-01
1.180904209613800049e-01
1.159454882144927979e-01
1.137045174837112427e-01
1.113626807928085327e-01
1.089139729738235474e-01
1.063525527715682983e-01
1.036722064018249512e-01
1.008669584989547729e-01
9.793058037757873535e-02
9.485739469528198242e-02
9.164203703403472900e-02
8.827956020832061768e-02
8.476620912551879883e-02
8.109922707080841064e-02
7.727690041065216064e-02
7.329951226711273193e-02
6.916895508766174316e-02
6.488864123821258545e-02
6.046460196375846863e-02
5.590474978089332581e-02
5.121902748942375183e-02
4.641977325081825256e-02
4.152050986886024475e-02
3.653726354241371155e-02
3.148724138736724854e-02
2.638786658644676208e-02
2.125785872340202332e-02
1.611552014946937561e-02
1.097872480750083923e-02
5.864635109901428223e-03
7.888730615377426147e-04
-4.234932363033294678e-03
-9.194858372211456299e-03
-1.408172026276588440e-02
-1.888858526945114136e-02
-2.361071109771728516e-02
-2.824604883790016174e-02
-3.279451280832290649e-02
-3.725760430097579956e-02
-4.163924232125282288e-02
-4.594369605183601379e-02
-5.017637088894844055e-02
-5.434319004416465759e-02
-5.844995751976966858e-02
-6.250235438346862793e-02
-6.650584936141967773e-02
-7.046459615230560303e-02
-7.438236474990844727e-02
-7.826185226440429688e-02
-8.210459351539611816e-02
-8.591137826442718506e-02
-8.968159556388854980e-02
-9.341411292552947998e-02
-9.710679948329925537e-02
-1.007572114467620850e-01
1.314815580844879150e-01
1.297818571329116821e-01
1.280117332935333252e-01
1.261683851480484009e-01
1.242479234933853149e-01
1.222466379404067993e-01
1.201603859663009644e-01
1.179844588041305542e-01
1.157140135765075684e-01
1.133437603712081909e-01
1.108678132295608521e-01
1.082809716463088989e-01
1.055768281221389771e-01
1.027497947216033936e-01
9.979398548603057861e-02
9.670399129390716553e-02
9.347477555274963379e-02
9.010221064090728760e-02
8.658234775066375732e-02
8.291342854499816895e-02
7.909391820430755615e-02
7.512426376342773438e-02
7.100698351860046387e-02
6.674584746360778809e-02
6.234689429402351379e-02
5.781810358166694641e-02
5.316928401589393616e-02
4.841249808669090271e-02
4.356111213564872742e-02
3.863052278757095337e-02
3.363661095499992371e-02
2.859681099653244019e-02
2.352822199463844299e-02
1.844843104481697083e-02
1.337424293160438538e-02
8.321497589349746704e-03
3.304980695247650146e-03
-1.662578433752059937e-03
-6.570104509592056274e-03
-1.140900142490863800e-02
-1.617260277271270752e-02
-2.085678279399871826e-02
-2.545956149697303772e-02
-2.998067066073417664e-02
-3.442191705107688904e-02
-3.878651931881904602e-02
-4.307888820767402649e-02
-4.730357974767684937e-02
-5.146679654717445374e-02
-5.557354167103767395e-02
-5.962965264916419983e-02
-6.363997608423233032e-02
-6.760852783918380737e-02
-7.153900712728500366e-02
-7.543382048606872559e-02
-7.929443567991256714e-02
-8.312168717384338379e-02
-8.691506087779998779e-02
-9.067294001579284668e-02
-9.439378976821899414e-02
-9.807461500167846680e-02
1.336690634489059448e-01
1.319304257631301880e-01
1.301222294569015503e-01
1.282418817281723022e-01
1.262852698564529419e-01
1.242489814758300781e-01
1.221290230751037598e-01
1.199205666780471802e-01
1.176189333200454712e-01
1.152188330888748169e-01
1.127149462699890137e-01
1.101021021604537964e-01
1.073742359876632690e-01
1.045258194208145142e-01
1.015512794256210327e-01
9.844584763050079346e-02
9.520472586154937744e-02
9.182412922382354736e-02
8.830074965953826904e-02
8.463281393051147461e-02
8.081945776939392090e-02
7.686197757720947266e-02
7.276220619678497314e-02
6.852491199970245361e-02
6.415571272373199463e-02
5.966284498572349548e-02
5.505592003464698792e-02
5.034663900732994080e-02
4.554774239659309387e-02
4.067422077059745789e-02
3.574090823531150818e-02
3.076418489217758179e-02
2.576077356934547424e-02
2.074664086103439331e-02
1.573759689927101135e-02
1.074847951531410217e-02
5.793323740363121033e-03
8.836258202791213989e-04
-3.970101475715637207e-03
-8.759843185544013977e-03
-1.347951404750347137e-02
-1.812522113323211670e-02
-2.269492298364639282e-02
-2.718842402100563049e-02
-3.160750493407249451e-02
-3.595511615276336670e-02
-4.023518040776252747e-02
-4.445241391658782959e-02
-4.861210659146308899e-02
-5.271913111209869385e-02
-5.677902325987815857e-02
-6.079634651541709900e-02
-6.477475166320800781e-02
-6.871813535690307617e-02
-7.262843847274780273e-02
-7.650725543498992920e-02
-8.035489171743392944e-02
-8.417104929685592651e-02
-8.795464038848876953e-02
-9.170325100421905518e-02
-9.541422128677368164e-02
1.357619315385818481e-01
1.339816004037857056e-01
1.321330219507217407e-01
1.302129477262496948e-01
1.282183229923248291e-01
1.261450201272964478e-01
1.239894181489944458e-01
1.217467933893203735e-01
1.194128394126892090e-01
1.169819980859756470e-01
1.144496947526931763e-01
1.118104308843612671e-01
1.090586483478546143e-01
1.061891764402389526e-01
1.031971871852874756e-01
1.000775992870330811e-01
9.682644903659820557e-02
9.343996644020080566e-02
8.991576731204986572e-02
8.625219762325286865e-02
8.244872093200683594e-02
7.850673794746398926e-02
7.442903518676757812e-02
7.021963596343994141e-02
6.588505208492279053e-02
6.143243238329887390e-02
5.687205120921134949e-02
5.221435800194740295e-02
4.747235402464866638e-02
4.265956953167915344e-02
3.779054433107376099e-02
3.288063406944274902e-02
2.794517949223518372e-02
2.299923077225685120e-02
1.805774495005607605e-02
1.313463971018791199e-02
8.242446929216384888e-03
3.392253071069717407e-03
-1.406522467732429504e-03
-6.145961582660675049e-03
-1.082082092761993408e-02
-1.542697101831436157e-02
-1.996300369501113892e-02
-2.442867681384086609e-02
-2.882523089647293091e-02
-3.315548598766326904e-02
-3.742291033267974854e-02
-4.163228347897529602e-02
-4.578814655542373657e-02
-4.989546537399291992e-02
-5.395901948213577271e-02
-5.798294022679328918e-02
-6.197150051593780518e-02
-6.592760980129241943e-02
-6.985329836606979370e-02
-7.374970614910125732e-02
-7.761782407760620117e-02
-8.145672082901000977e-02
-8.526515960693359375e-02
-8.904106914997100830e-02
-9.278193116188049316e-02
1.377521008253097534e-01
1.359279751777648926e-01
1.340364366769790649e-01
1.320749074220657349e-01
1.300398558378219604e-01
1.279278695583343506e-01
1.257349997758865356e-01
1.234568506479263306e-01
1.210891753435134888e-01
1.186270415782928467e-01
1.160655915737152100e-01
1.133997291326522827e-01
1.106244176626205444e-01
1.077348738908767700e-01
1.047260761260986328e-01
1.015940755605697632e-01
9.833462536334991455e-02
9.494493901729583740e-02
9.142233431339263916e-02
8.776618540287017822e-02
8.397611975669860840e-02
8.005373179912567139e-02
7.600151002407073975e-02
7.182440161705017090e-02
6.752806901931762695e-02
6.312032043933868408e-02
5.861028656363487244e-02
5.400837585330009460e-02
4.932704195380210876e-02
4.457854852080345154e-02
3.977714106440544128e-02
3.493674099445343018e-02
3.007197752594947815e-02
2.519683912396430969e-02
2.032494917511940002e-02
1.546946913003921509e-02
1.064179465174674988e-02
5.852466449141502380e-03
1.109965145587921143e-03
-3.578159958124160767e-03
-8.207324892282485962e-03
-1.277332007884979248e-02
-1.727494224905967712e-02
-2.171165868639945984e-02
-2.608498185873031616e-02
-3.039718046784400940e-02
-3.465164080262184143e-02
-3.885262086987495422e-02
-4.300424829125404358e-02
-4.711145535111427307e-02
-5.117823183536529541e-02
-5.520876497030258179e-02
-5.920667946338653564e-02
-6.317491084337234497e-02
-6.711538136005401611e-02
-7.102923840284347534e-02
-7.491692155599594116e-02
-7.877811789512634277e-02
-8.261108398437500000e-02
-8.641377091407775879e-02
-9.018348157405853271e-02
1.396323889493942261e-01
1.377617716789245605e-01
1.358254849910736084e-01
1.338202804327011108e-01
1.317431777715682983e-01
1.295908093452453613e-01
1.273590773344039917e-01
1.250443905591964722e-01
1.226419806480407715e-01
1.201478242874145508e-01
1.175570785999298096e-01
1.148647814989089966e-01
1.120665818452835083e-01
1.091575622558593750e-01
1.061333119869232178e-01
1.029902100563049316e-01
9.972472488880157471e-02
9.633390605449676514e-02
9.281603991985321045e-02
8.917026221752166748e-02
8.539684116840362549e-02
8.149734139442443848e-02
7.747465372085571289e-02
7.333335280418395996e-02
6.907950341701507568e-02
6.472006440162658691e-02
6.026419624686241150e-02
5.572164431214332581e-02
5.110400542616844177e-02
4.642322286963462830e-02
4.169214889407157898e-02
3.692392632365226746e-02
3.213216364383697510e-02
2.732978388667106628e-02
2.252933382987976074e-02
1.774292066693305969e-02
1.298127695918083191e-02
8.254081010818481445e-03
3.569103777408599854e-03
-1.066852360963821411e-03
-5.649007856845855713e-03
-1.017406769096851349e-02
-1.464022323489189148e-02
-1.904740557074546814e-02
-2.339648455381393433e-02
-2.769000828266143799e-02
-3.193071857094764709e-02
-3.612229973077774048e-02
-4.026917368173599243e-02
-4.437527433037757874e-02
-4.844466969370841980e-02
-5.248089134693145752e-02
-5.648773163557052612e-02
-6.046735495328903198e-02
-6.442181766033172607e-02
-6.835249066352844238e-02
-7.225917279720306396e-02
-7.614144682884216309e-02
-7.999794930219650269e-02
-8.382652699947357178e-02
-8.762457966804504395e-02
1.413956582546234131e-01
1.394767612218856812e-01
1.374932527542114258e-01
1.354425847530364990e-01
1.333218514919281006e-01
1.311274170875549316e-01
1.288557201623916626e-01
1.265033781528472900e-01
1.240658015012741089e-01
1.215392053127288818e-01
1.189188212156295776e-01
1.162005811929702759e-01
1.133797168731689453e-01
1.104522943496704102e-01
1.074141710996627808e-01
1.042618900537490845e-01
1.009922325611114502e-01
9.760285913944244385e-02
9.409241378307342529e-02
9.045991301536560059e-02
8.670634031295776367e-02
8.283314108848571777e-02
7.884345948696136475e-02
7.474161684513092041e-02
7.053343951702117920e-02
6.622609496116638184e-02
6.182742491364479065e-02
5.734754726290702820e-02
5.279658362269401550e-02
4.818614199757575989e-02
4.352780058979988098e-02
3.883400559425354004e-02
3.411718085408210754e-02
2.938910946249961853e-02
2.466179803013801575e-02
1.994601264595985413e-02
1.525174453854560852e-02
1.058753952383995056e-02
5.961230024695396423e-03
1.378733664751052856e-03
-3.155589103698730469e-03
-7.638484239578247070e-03
-1.206826791167259216e-02
-1.644485816359519958e-02
-2.076883614063262939e-02
-2.504240348935127258e-02
-2.926841005682945251e-02
-3.344992920756340027e-02
-3.759074956178665161e-02
-4.169468954205513000e-02
-4.576555266976356506e-02
-4.980665072798728943e-02
-5.382139235734939575e-02
-5.781167373061180115e-02
-6.177926808595657349e-02
-6.572547554969787598e-02
-6.964996457099914551e-02
-7.355269789695739746e-02
-7.743175327777862549e-02
-8.128488063812255859e-02
-8.511018753051757812e-02
1.430344432592391968e-01
1.410652697086334229e-01
1.390329450368881226e-01
1.369354128837585449e-01
1.347692161798477173e-01
1.325315088033676147e-01
1.302191913127899170e-01
1.278282850980758667e-01
1.253552436828613281e-01
1.227958649396896362e-01
1.201463937759399414e-01
1.174022853374481201e-01
1.145600080490112305e-01
1.116153746843338013e-01
1.085647791624069214e-01
1.054049432277679443e-01
1.021333485841751099e-01
9.874780476093292236e-02
9.524732828140258789e-02
9.163129329681396484e-02
8.790059387683868408e-02
8.405701816082000732e-02
8.010356128215789795e-02
7.604454457759857178e-02
7.188537716865539551e-02
6.763274967670440674e-02
6.329460442066192627e-02
5.887994542717933655e-02
5.439832434058189392e-02
4.986051842570304871e-02
4.527695104479789734e-02
4.065946117043495178e-02
3.601939976215362549e-02
3.136743977665901184e-02
2.671423926949501038e-02
2.207030728459358215e-02
1.744439825415611267e-02
1.284458860754966736e-02
8.277893066406250000e-03
3.749569877982139587e-03
-7.356479763984680176e-04
-5.175303667783737183e-03
-9.567759931087493896e-03
-1.391234621405601501e-02
-1.821031793951988220e-02
-2.246278151869773865e-02
-2.667273581027984619e-02
-3.084280341863632202e-02
-3.497643396258354187e-02
-3.907723352313041687e-02
-4.314855113625526428e-02
-4.719339683651924133e-02
-5.121437460184097290e-02
-5.521414056420326233e-02
-5.919367447495460510e-02
-6.315418332815170288e-02
-6.709555536508560181e-02
-7.101704180240631104e-02
-7.491756230592727661e-02
-7.879428565502166748e-02
-8.264491707086563110e-02
1.445424258708953857e-01
1.425211578607559204e-01
1.404385715723037720e-01
1.382923424243927002e-01
1.360798627138137817e-01
1.337980031967163086e-01
1.314440220594406128e-01
1.290143877267837524e-01
1.265053302049636841e-01
1.239134222269058228e-01
1.212348639965057373e-01
1.184661537408828735e-01
1.156031489372253418e-01
1.126426309347152710e-01
1.095811724662780762e-01
1.064160019159317017e-01
1.031447201967239380e-01
9.976555407047271729e-02
9.627778828144073486e-02
9.268096089363098145e-02
8.897615969181060791e-02
8.516524732112884521e-02
8.125095069408416748e-02
7.723766565322875977e-02
7.313047349452972412e-02
6.893566250801086426e-02
6.466068327426910400e-02
6.031348928809165955e-02
5.590346828103065491e-02
5.144011601805686951e-02
4.693336412310600281e-02
4.239375516772270203e-02
3.783135488629341125e-02
3.325676545500755310e-02
2.867925539612770081e-02
2.410810068249702454e-02
1.955154165625572205e-02
1.501707360148429871e-02
1.051092892885208130e-02
6.038179621100425720e-03
1.602835953235626221e-03
-2.792455255985260010e-03
-7.146060466766357422e-03
-1.145773008465766907e-02
-1.572813093662261963e-02
-1.995832845568656921e-02
-2.415083348751068115e-02
-2.830813452601432800e-02
-3.243333101272583008e-02
-3.652938827872276306e-02
-4.059962183237075806e-02
-4.464662075042724609e-02
-4.867304489016532898e-02
-5.268048867583274841e-02
-5.667079612612724304e-02
-6.064419820904731750e-02
-6.460085511207580566e-02
-6.854011118412017822e-02
-7.246023416519165039e-02
-7.635898888111114502e-02
-8.023390173912048340e-02
